27.46470399999614
27.46470399999614
27.46470399999614
27.46470399999614
27.46470399999614
27.46470399999614
27.46470399999614
27.46470399999614
27.46470399999614
27.46470399999614
27.46470399999614
27.46470399999614
27.46470399999614
27.46470399999614
27.46470399999614
27.46470399999614
27.46470399999614
27.46470399999614
27.46470399999614
27.46470399999614
27.46470399999614
27.46470399999614
27.46470399999614
27.46470399999614
27.46470399999614
27.46470399999614
27.46470399999614
27.46470399999614
27.46470399999614
27.46470399999614
27.46470399999614
27.46470399999614
27.46470399999614
27.46470399999614
27.46470399999614
27.46470399999614
27.46470399999614
27.46470399999614
27.46470399999614
27.46470399999614
27.46470399999614
27.46470399999614
27.46470399999614
27.46470399999614
27.46470399999614
27.46470399999614
27.46470399999614
27.46470399999614
27.46470399999614
27.46470399999614
27.46470399999614
27.46470399999614
27.46470399999614
27.46470399999614
27.46470399999614
27.46470399999614
27.46470399999614
27.46470399999614
27.46470399999614
27.46470399999614
27.46470399999614
27.46470399999614
27.46470399999614
27.46470399999614
27.46470399999614
27.46470399999614
27.46470399999614
27.46470399999614
27.46470399999614
27.46470399999614
27.46470399999614
27.46470399999614
27.46470399999614
27.46470399999614
27.46470399999614
27.46470399999614
27.46470399999614
27.46470399999614
27.46470399999614
27.46470399999614
27.46470399999614
27.46470399999614
27.46470399999614
27.46470399999614
27.46470399999614
27.46470399999614
27.46470399999614
27.46470399999614
27.46470399999614
27.46470399999614
27.46470399999614
27.46470399999614
27.46470399999614
27.46470399999614
27.46470399999614
27.46470399999614
27.46470399999614
27.46470399999614
27.46470399999614
27.46470399999614
27.46470399999614
27.46470399999614
27.46470399999614
27.46470399999614
27.46470399999614
27.46470399999614
27.46470399999614
27.46470399999614
27.46470399999614
27.46470399999614
27.46470399999614
27.46470399999614
27.46470399999614
27.46470399999614
27.46470399999614
27.46470399999614
27.46470399999614
27.46470399999614
27.46470399999614
27.46470399999614
27.46470399999614
27.46470399999614
27.46470399999614
27.46470399999614
27.46470399999614
27.46470399999614
27.46470399999614
27.46470399999614
27.46470399999614
27.46470399999614
27.46470399999614
27.46470399999614
27.46470399999614
27.46470399999614
27.46470399999614
27.46470399999614
27.46470399999614
27.46470399999614
27.46470399999614
27.46470399999614
27.46470399999614
27.46470399999614
27.46470399999614
27.46470399999614
27.46470399999614
27.46470399999614
27.46470399999614
27.46470399999614
27.46470399999614
27.46470399999614
27.46470399999614
27.46470399999614
27.46470399999614
27.46470399999614
27.46470399999614
27.46470399999614
27.46470399999614
27.46470399999614
27.46470399999614
27.46470399999614
27.46470399999614
27.46470399999614
27.46470399999614
27.46470399999614
27.46470399999614
27.46470399999614
27.46470399999614
27.46470399999614
27.46470399999614
27.46470399999614
27.46470399999614
27.46470399999614
27.46470399999614
27.46470399999614
27.46470399999614
27.46470399999614
27.46470399999614
27.46470399999614
27.46470399999614
27.46470399999614
27.46470399999614
27.46470399999614
27.46470399999614
27.46470399999614
27.46470399999614
27.46470399999614
27.46470399999614
27.46470399999614
27.46470399999614
27.46470399999614
27.46470399999614
27.46470399999614
27.46470399999614
27.46470399999614
27.46470399999614
27.46470399999614
27.46470399999614
27.46470399999614
27.46470399999614
27.46470399999614
27.46470399999614
27.46470399999614
27.46470399999614
27.46470399999614
27.46470399999614
27.46470399999614
27.46470399999614
27.46470399999614
27.46470399999614
27.46470399999614
27.46470399999614
27.46470399999614
27.46470399999614
27.46470399999614
27.46470399999614
27.46470399999614
27.46470399999614
27.46470399999614
27.46470399999614
27.46470399999614
27.46470399999614
27.46470399999614
27.46470399999614
27.46470399999614
27.46470399999614
27.46470399999614
27.46470399999614
27.46470399999614
27.46470399999614
27.46470399999614
27.46470399999614
27.46470399999614
27.46470399999614
27.46470399999614
27.46470399999614
27.46470399999614
27.46470399999614
27.46470399999614
27.46470399999614
27.46470399999614
27.46470399999614
27.46470399999614
27.46470399999614
27.46470399999614
27.46470399999614
27.46470399999614
27.46470399999614
27.46470399999614
27.46470399999614
27.46470399999614
27.46470399999614
27.46470399999614
27.46470399999614
27.46470399999614
27.46470399999614
27.46470399999614
27.46470399999614
27.46470399999614
27.46470399999614
27.46470399999614
27.46470399999614
27.46470399999614
27.46470399999614
27.46470399999614
27.46470399999614
27.46470399999614
27.46470399999614
27.46470399999614
27.46470399999614
27.46470399999614
27.46470399999614
27.46470399999614
27.46470399999614
27.46470399999614
27.46470399999614
27.46470399999614
27.46470399999614
27.46470399999614
27.46470399999614
27.46470399999614
27.46470399999614
27.46470399999614
27.46470399999614
27.46470399999614
27.46470399999614
27.46470399999614
27.46470399999614
27.46470399999614
27.46470399999614
27.46470399999614
27.46470399999614
27.46470399999614
27.46470399999614
27.46470399999614
27.46470399999614
27.46470399999614
27.46470399999614
27.46470399999614
27.46470399999614
27.46470399999614
27.46470399999614
27.46470399999614
27.46470399999614
27.46470399999614
27.46470399999614
27.46470399999614
27.46470399999614
27.46470399999614
27.46470399999614
27.46470399999614
27.46470399999614
27.46470399999614
27.46470399999614
27.46470399999614
27.46470399999614
27.46470399999614
27.46470399999614
27.46470399999614
27.46470399999614
27.46470399999614
27.46470399999614
27.46470399999614
27.46470399999614
27.46470399999614
27.46470399999614
27.46470399999614
27.46470399999614
27.46470399999614
27.46470399999614
27.46470399999614
27.46470399999614
27.46470399999614
27.46470399999614
27.46470399999614
27.46470399999614
27.46470399999614
27.46470399999614
27.46470399999614
27.46470399999614
27.46470399999614
27.46470399999614
27.46470399999614
27.46470399999614
27.46470399999614
27.46470399999614
27.46470399999614
27.46470399999614
27.46470399999614
27.46470399999614
27.46470399999614
27.46470399999614
27.46470399999614
27.46470399999614
27.46470399999614
27.46470399999614
27.46470399999614
27.46470399999614
27.46470399999614
27.46470399999614
27.46470399999614
27.46470399999614
27.46470399999614
27.46470399999614
27.46470399999614
27.46470399999614
27.46470399999614
27.46470399999614
27.46470399999614
27.46470399999614
27.46470399999614
27.46470399999614
27.46470399999614
27.46470399999614
27.46470399999614
27.46470399999614
27.46470399999614
27.46470399999614
27.46470399999614
27.46470399999614
27.46470399999614
27.46470399999614
27.46470399999614
27.46470399999614
27.46470399999614
27.46470399999614
27.46470399999614
27.46470399999614
27.46470399999614
27.46470399999614
27.46470399999614
27.46470399999614
27.46470399999614
27.46470399999614
27.46470399999614
27.46470399999614
27.46470399999614
27.46470399999614
27.46470399999614
27.46470399999614
27.46470399999614
27.46470399999614
27.46470399999614
27.46470399999614
27.46470399999614
27.46470399999614
27.46470399999614
27.46470399999614
27.46470399999614
27.46470399999614
27.46470399999614
27.46470399999614
27.46470399999614
27.46470399999614
27.46470399999614
27.46470399999614
27.46470399999614
27.46470399999614
27.46470399999614
27.46470399999614
27.46470399999614
27.46470399999614
27.46470399999614
27.46470399999614
27.46470399999614
27.46470399999614
27.46470399999614
27.46470399999614
27.46470399999614
27.46470399999614
27.46470399999614
27.46470399999614
27.46470399999614
27.46470399999614
27.46470399999614
27.46470399999614
27.46470399999614
27.46470399999614
27.46470399999614
27.46470399999614
27.46470399999614
27.46470399999614
27.46470399999614
27.46470399999614
27.46470399999614
27.46470399999614
27.46470399999614
27.46470399999614
27.46470399999614
27.46470399999614
27.46470399999614
27.46470399999614
27.46470399999614
27.46470399999614
27.46470399999614
27.46470399999614
27.46470399999614
27.46470399999614
27.46470399999614
27.46470399999614
27.46470399999614
27.46470399999614
27.46470399999614
27.46470399999614
27.46470399999614
27.46470399999614
27.46470399999614
27.46470399999614
27.46470399999614
27.46470399999614
27.46470399999614
27.46470399999614
27.46470399999614
27.46470399999614
27.46470399999614
27.46470399999614
27.46470399999614
27.46470399999614
27.46470399999614
27.46470399999614
27.46470399999614
27.46470399999614
27.46470399999614
27.46470399999614
27.46470399999614
27.46470399999614
27.46470399999614
27.46470399999614
27.46470399999614
27.46470399999614
27.46470399999614
27.46470399999614
27.46470399999614
27.46470399999614
27.46470399999614
27.46470399999614
27.46470399999614
27.46470399999614
27.46470399999614
27.46470399999614
27.46470399999614
27.46470399999614
27.46470399999614
27.46470399999614
27.46470399999614
27.46470399999614
27.46470399999614
27.46470399999614
27.46470399999614
27.46470399999614
27.46470399999614
27.46470399999614
27.46470399999614
27.46470399999614
27.46470399999614
27.46470399999614
27.46470399999614
27.46470399999614
27.46470399999614
27.46470399999614
27.46470399999614
27.46470399999614
27.46470399999614
27.46470399999614
27.46470399999614
27.46470399999614
27.46470399999614
27.46470399999614
27.46470399999614
27.46470399999614
27.46470399999614
27.46470399999614
27.46470399999614
27.46470399999614
27.46470399999614
27.46470399999614
27.46470399999614
27.46470399999614
27.46470399999614
27.46470399999614
27.46470399999614
27.46470399999614
27.46470399999614
27.46470399999614
27.46470399999614
27.46470399999614
27.46470399999614
27.46470399999614
27.46470399999614
27.46470399999614
27.46470399999614
27.46470399999614
27.46470399999614
27.46470399999614
27.46470399999614
27.46470399999614
27.46470399999614
27.46470399999614
27.46470399999614
27.46470399999614
27.46470399999614
27.46470399999614
27.46470399999614
27.46470399999614
27.46470399999614
27.46470399999614
27.46470399999614
27.46470399999614
27.46470399999614
27.46470399999614
27.46470399999614
27.46470399999614
27.46470399999614
27.46470399999614
27.46470399999614
27.46470399999614
27.46470399999614
27.46470399999614
27.46470399999614
27.46470399999614
27.46470399999614
27.46470399999614
27.46470399999614
27.46470399999614
27.46470399999614
27.46470399999614
27.46470399999614
27.46470399999614
27.46470399999614
27.46470399999614
27.46470399999614
27.46470399999614
27.46470399999614
27.46470399999614
27.46470399999614
27.46470399999614
27.46470399999614
27.46470399999614
27.46470399999614
27.46470399999614
27.46470399999614
27.46470399999614
27.46470399999614
27.46470399999614
27.46470399999614
27.46470399999614
27.46470399999614
27.46470399999614
27.46470399999614
27.46470399999614
27.46470399999614
27.46470399999614
27.46470399999614
27.46470399999614
27.46470399999614
27.46470399999614
27.46470399999614
27.46470399999614
27.46470399999614
27.46470399999614
27.46470399999614
27.46470399999614
27.46470399999614
27.46470399999614
27.46470399999614
27.46470399999614
27.46470399999614
27.46470399999614
27.46470399999614
27.46470399999614
27.46470399999614
27.46470399999614
27.46470399999614
27.46470399999614
27.46470399999614
27.46470399999614
27.46470399999614
27.46470399999614
27.46470399999614
27.46470399999614
27.46470399999614
27.46470399999614
27.46470399999614
27.46470399999614
27.46470399999614
27.46470399999614
27.46470399999614
27.46470399999614
27.46470399999614
27.46470399999614
27.46470399999614
27.46470399999614
27.46470399999614
27.46470399999614
27.46470399999614
27.46470399999614
27.46470399999614
27.46470399999614
27.46470399999614
27.46470399999614
27.46470399999614
27.46470399999614
27.46470399999614
27.46470399999614
27.46470399999614
27.46470399999614
27.46470399999614
27.46470399999614
27.46470399999614
27.46470399999614
27.46470399999614
27.46470399999614
27.46470399999614
27.46470399999614
27.46470399999614
27.46470399999614
27.46470399999614
27.46470399999614
27.46470399999614
27.46470399999614
27.46470399999614
27.46470399999614
27.46470399999614
27.46470399999614
27.46470399999614
27.46470399999614
27.46470399999614
27.46470399999614
27.46470399999614
27.46470399999614
27.46470399999614
27.46470399999614
27.46470399999614
27.46470399999614
27.46470399999614
27.46470399999614
27.46470399999614
27.46470399999614
27.46470399999614
27.46470399999614
27.46470399999614
27.46470399999614
27.46470399999614
27.46470399999614
27.46470399999614
27.46470399999614
27.46470399999614
27.46470399999614
27.46470399999614
27.46470399999614
27.46470399999614
27.46470399999614
27.46470399999614
27.46470399999614
27.46470399999614
27.46470399999614
27.46470399999614
27.46470399999614
27.46470399999614
27.46470399999614
27.46470399999614
27.46470399999614
27.46470399999614
27.46470399999614
27.46470399999614
27.46470399999614
27.46470399999614
27.46470399999614
27.46470399999614
27.46470399999614
27.46470399999614
27.46470399999614
27.46470399999614
27.46470399999614
27.46470399999614
27.46470399999614
27.46470399999614
27.46470399999614
27.46470399999614
27.46470399999614
27.46470399999614
27.46470399999614
27.46470399999614
27.46470399999614
27.46470399999614
27.46470399999614
27.46470399999614
27.46470399999614
27.46470399999614
27.46470399999614
27.46470399999614
27.46470399999614
27.46470399999614
27.46470399999614
27.46470399999614
27.46470399999614
27.46470399999614
27.46470399999614
27.46470399999614
27.46470399999614
27.46470399999614
27.46470399999614
27.46470399999614
27.46470399999614
27.46470399999614
27.46470399999614
27.46470399999614
27.46470399999614
27.46470399999614
27.46470399999614
27.46470399999614
27.46470399999614
27.46470399999614
27.46470399999614
27.46470399999614
27.46470399999614
27.46470399999614
27.46470399999614
27.46470399999614
27.46470399999614
27.46470399999614
27.46470399999614
27.46470399999614
27.46470399999614
27.46470399999614
27.46470399999614
27.46470399999614
27.46470399999614
27.46470399999614
27.46470399999614
27.46470399999614
27.46470399999614
27.46470399999614
27.46470399999614
27.46470399999614
27.46470399999614
27.46470399999614
27.46470399999614
27.46470399999614
27.46470399999614
27.46470399999614
27.46470399999614
27.46470399999614
27.46470399999614
27.46470399999614
27.46470399999614
27.46470399999614
27.46470399999614
27.46470399999614
27.46470399999614
27.46470399999614
27.46470399999614
27.46470399999614
27.46470399999614
27.46470399999614
27.46470399999614
27.46470399999614
27.46470399999614
27.46470399999614
27.46470399999614
27.46470399999614
27.46470399999614
27.46470399999614
27.46470399999614
27.46470399999614
27.46470399999614
27.46470399999614
27.46470399999614
27.46470399999614
27.46470399999614
27.46470399999614
27.46470399999614
27.46470399999614
27.46470399999614
27.46470399999614
27.46470399999614
27.46470399999614
27.46470399999614
27.46470399999614
27.46470399999614
27.46470399999614
27.46470399999614
27.46470399999614
27.46470399999614
27.46470399999614
27.46470399999614
27.46470399999614
27.46470399999614
27.46470399999614
27.46470399999614
27.46470399999614
27.46470399999614
27.46470399999614
27.46470399999614
27.46470399999614
27.46470399999614
27.46470399999614
27.46470399999614
27.46470399999614
27.46470399999614
27.46470399999614
27.46470399999614
27.46470399999614
27.46470399999614
27.46470399999614
27.46470399999614
27.46470399999614
27.46470399999614
27.46470399999614
27.46470399999614
27.46470399999614
27.46470399999614
27.46470399999614
27.46470399999614
27.46470399999614
27.46470399999614
27.46470399999614
27.46470399999614
27.46470399999614
27.46470399999614
27.46470399999614
27.46470399999614
27.46470399999614
27.46470399999614
27.46470399999614
27.46470399999614
27.46470399999614
27.46470399999614
27.46470399999614
27.46470399999614
27.46470399999614
27.46470399999614
27.46470399999614
27.46470399999614
27.46470399999614
27.46470399999614
27.46470399999614
27.46470399999614
27.46470399999614
27.46470399999614
27.46470399999614
27.46470399999614
27.46470399999614
27.46470399999614
27.46470399999614
27.46470399999614
27.46470399999614
27.46470399999614
27.46470399999614
27.46470399999614
27.46470399999614
27.46470399999614
27.46470399999614
27.46470399999614
27.46470399999614
27.46470399999614
27.46470399999614
27.46470399999614
27.46470399999614
27.46470399999614
27.46470399999614
27.46470399999614
27.46470399999614
27.46470399999614
27.46470399999614
27.46470399999614
27.46470399999614
27.46470399999614
27.46470399999614
27.46470399999614
27.46470399999614
27.46470399999614
27.46470399999614
27.46470399999614
27.46470399999614
27.46470399999614
27.46470399999614
27.46470399999614
27.46470399999614
27.46470399999614
27.46470399999614
27.46470399999614
27.46470399999614
27.46470399999614
27.46470399999614
27.46470399999614
27.46470399999614
27.46470399999614
27.46470399999614
27.46470399999614
27.46470399999614
27.46470399999614
27.46470399999614
27.46470399999614
27.46470399999614
27.46470399999614
27.46470399999614
27.46470399999614
27.46470399999614
27.46470399999614
27.46470399999614
27.46470399999614
27.46470399999614
27.46470399999614
27.46470399999614
27.46470399999614
27.46470399999614
27.46470399999614
27.46470399999614
27.46470399999614
27.46470399999614
27.46470399999614
27.46470399999614
27.46470399999614
27.46470399999614
27.46470399999614
27.46470399999614
27.46470399999614
27.46470399999614
27.46470399999614
27.46470399999614
27.46470399999614
27.46470399999614
27.46470399999614
27.46470399999614
27.46470399999614
27.46470399999614
27.46470399999614
27.46470399999614
27.46470399999614
27.46470399999614
27.46470399999614
27.46470399999614
27.46470399999614
27.46470399999614
27.46470399999614
27.46470399999614
27.46470399999614
27.46470399999614
27.46470399999614
27.46470399999614
27.46470399999614
27.46470399999614
27.46470399999614
27.46470399999614
27.46470399999614
27.46470399999614
27.46470399999614
27.46470399999614
27.46470399999614
27.46470399999614
27.46470399999614
27.46470399999614
27.46470399999614
27.46470399999614
27.46470399999614
27.46470399999614
27.46470399999614
27.46470399999614
27.46470399999614
27.46470399999614
27.46470399999614
27.46470399999614
27.46470399999614
27.46470399999614
27.46470399999614
27.46470399999614
27.46470399999614
27.46470399999614
27.46470399999614
27.46470399999614
27.46470399999614
27.46470399999614
27.46470399999614
27.46470399999614
27.46470399999614
27.46470399999614
27.46470399999614
27.46470399999614
27.46470399999614
27.46470399999614
27.46470399999614
27.46470399999614
27.46470399999614
27.46470399999614
27.46470399999614
27.46470399999614
27.46470399999614
27.46470399999614
27.46470399999614
27.46470399999614
27.46470399999614
27.46470399999614
27.46470399999614
27.46470399999614
27.46470399999614
27.46470399999614
27.46470399999614
27.46470399999614
27.46470399999614
27.46470399999614
27.46470399999614
27.46470399999614
27.46470399999614
27.46470399999614
27.46470399999614
27.46470399999614
27.46470399999614
27.46470399999614
27.46470399999614
27.46470399999614
27.46470399999614
27.46470399999614
27.46470399999614
27.46470399999614
27.46470399999614
27.46470399999614
27.46470399999614
27.46470399999614
27.46470399999614
27.46470399999614
27.46470399999614
27.46470399999614
27.46470399999614
27.46470399999614
27.46470399999614
27.46470399999614
27.46470399999614
27.46470399999614
27.46470399999614
27.46470399999614
27.46470399999614
27.46470399999614
27.46470399999614
27.46470399999614
27.46470399999614
27.46470399999614
27.46470399999614
27.46470399999614
27.46470399999614
27.46470399999614
27.46470399999614
27.46470399999614
27.46470399999614
27.46470399999614
27.46470399999614
27.46470399999614
27.46470399999614
27.46470399999614
27.46470399999614
27.46470399999614
27.46470399999614
27.46470399999614
27.46470399999614
27.46470399999614
27.46470399999614
27.46470399999614
27.46470399999614
27.46470399999614
27.46470399999614
27.46470399999614
27.46470399999614
27.46470399999614
27.46470399999614
27.46470399999614
27.46470399999614
27.46470399999614
27.46470399999614
27.46470399999614
27.46470399999614
27.46470399999614
27.46470399999614
27.46470399999614
27.46470399999614
27.46470399999614
27.46470399999614
27.46470399999614
27.46470399999614
27.46470399999614
27.46470399999614
27.46470399999614
27.46470399999614
27.46470399999614
27.46470399999614
27.46470399999614
27.46470399999614
27.46470399999614
27.46470399999614
27.46470399999614
27.46470399999614
27.46470399999614
27.46470399999614
27.46470399999614
27.46470399999614
27.46470399999614
27.46470399999614
27.46470399999614
27.46470399999614
27.46470399999614
27.46470399999614
27.46470399999614
27.46470399999614
27.46470399999614
27.46470399999614
27.46470399999614
27.46470399999614
27.46470399999614
27.46470399999614
27.46470399999614
27.46470399999614
27.46470399999614
27.46470399999614
27.46470399999614
27.46470399999614
27.46470399999614
27.46470399999614
27.46470399999614
27.46470399999614
27.46470399999614
27.46470399999614
27.46470399999614
27.46470399999614
27.46470399999614
27.46470399999614
27.46470399999614
27.46470399999614
27.46470399999614
27.46470399999614
27.46470399999614
27.46470399999614
27.46470399999614
27.46470399999614
27.46470399999614
27.46470399999614
27.46470399999614
27.46470399999614
27.46470399999614
27.46470399999614
27.46470399999614
27.46470399999614
27.46470399999614
27.46470399999614
27.46470399999614
27.46470399999614
27.46470399999614
27.46470399999614
27.46470399999614
27.46470399999614
27.46470399999614
27.46470399999614
27.46470399999614
27.46470399999614
27.46470399999614
27.46470399999614
27.46470399999614
27.46470399999614
27.46470399999614
27.46470399999614
27.46470399999614
27.46470399999614
27.46470399999614
27.46470399999614
27.46470399999614
27.46470399999614
27.46470399999614
27.46470399999614
27.46470399999614
27.46470399999614
27.46470399999614
27.46470399999614
27.46470399999614
27.46470399999614
27.46470399999614
27.46470399999614
27.46470399999614
27.46470399999614
27.46470399999614
27.46470399999614
27.46470399999614
27.46470399999614
27.46470399999614
27.46470399999614
27.46470399999614
27.46470399999614
27.46470399999614
27.46470399999614
27.46470399999614
27.46470399999614
27.46470399999614
27.46470399999614
27.46470399999614
27.46470399999614
27.46470399999614
27.46470399999614
27.46470399999614
27.46470399999614
27.46470399999614
27.46470399999614
27.46470399999614
27.46470399999614
27.46470399999614
27.46470399999614
27.46470399999614
27.46470399999614
27.46470399999614
27.46470399999614
27.46470399999614
27.46470399999614
27.46470399999614
27.46470399999614
27.46470399999614
27.46470399999614
27.46470399999614
27.46470399999614
27.46470399999614
27.46470399999614
27.46470399999614
27.46470399999614
27.46470399999614
27.46470399999614
27.46470399999614
27.46470399999614
27.46470399999614
27.46470399999614
27.46470399999614
27.46470399999614
27.46470399999614
27.46470399999614
27.46470399999614
27.46470399999614
27.46470399999614
27.46470399999614
27.46470399999614
27.46470399999614
27.46470399999614
27.46470399999614
27.46470399999614
27.46470399999614
27.46470399999614
27.46470399999614
27.46470399999614
27.46470399999614
27.46470399999614
27.46470399999614
27.46470399999614
27.46470399999614
27.46470399999614
27.46470399999614
27.46470399999614
27.46470399999614
27.46470399999614
27.46470399999614
27.46470399999614
27.46470399999614
27.46470399999614
27.46470399999614
27.46470399999614
27.46470399999614
27.46470399999614
27.46470399999614
27.46470399999614
27.46470399999614
27.46470399999614
27.46470399999614
27.46470399999614
27.46470399999614
27.46470399999614
27.46470399999614
27.46470399999614
27.46470399999614
27.46470399999614
27.46470399999614
27.46470399999614
27.46470399999614
27.46470399999614
27.46470399999614
27.46470399999614
27.46470399999614
27.46470399999614
27.46470399999614
27.46470399999614
27.46470399999614
27.46470399999614
27.46470399999614
27.46470399999614
27.46470399999614
27.46470399999614
27.46470399999614
27.46470399999614
27.46470399999614
27.46470399999614
27.46470399999614
27.46470399999614
27.46470399999614
27.46470399999614
27.46470399999614
27.46470399999614
27.46470399999614
27.46470399999614
27.46470399999614
27.46470399999614
27.46470399999614
27.46470399999614
27.46470399999614
27.46470399999614
27.46470399999614
27.46470399999614
27.46470399999614
27.46470399999614
27.46470399999614
27.46470399999614
27.46470399999614
27.46470399999614
27.46470399999614
27.46470399999614
27.46470399999614
27.46470399999614
27.46470399999614
27.46470399999614
27.46470399999614
27.46470399999614
27.46470399999614
27.46470399999614
27.46470399999614
27.46470399999614
27.46470399999614
27.46470399999614
27.46470399999614
27.46470399999614
27.46470399999614
27.46470399999614
27.46470399999614
27.46470399999614
27.46470399999614
27.46470399999614
27.46470399999614
27.46470399999614
27.46470399999614
27.46470399999614
27.46470399999614
27.46470399999614
27.46470399999614
27.46470399999614
27.46470399999614
27.46470399999614
27.46470399999614
27.46470399999614
27.46470399999614
27.46470399999614
27.46470399999614
27.46470399999614
27.46470399999614
27.46470399999614
27.46470399999614
27.46470399999614
27.46470399999614
27.46470399999614
27.46470399999614
27.46470399999614
27.46470399999614
27.46470399999614
27.46470399999614
27.46470399999614
27.46470399999614
27.46470399999614
27.46470399999614
27.46470399999614
27.46470399999614
27.46470399999614
27.46470399999614
27.46470399999614
27.46470399999614
27.46470399999614
27.46470399999614
27.46470399999614
27.46470399999614
27.46470399999614
27.46470399999614
27.46470399999614
27.46470399999614
27.46470399999614
27.46470399999614
27.46470399999614
27.46470399999614
27.46470399999614
27.46470399999614
27.46470399999614
27.46470399999614
27.46470399999614
27.46470399999614
27.46470399999614
27.46470399999614
27.46470399999614
27.46470399999614
27.46470399999614
27.46470399999614
27.46470399999614
27.46470399999614
27.46470399999614
27.46470399999614
27.46470399999614
27.46470399999614
27.46470399999614
27.46470399999614
27.46470399999614
27.46470399999614
27.46470399999614
27.46470399999614
27.46470399999614
27.46470399999614
27.46470399999614
27.46470399999614
27.46470399999614
27.46470399999614
27.46470399999614
27.46470399999614
27.46470399999614
27.46470399999614
27.46470399999614
27.46470399999614
27.46470399999614
27.46470399999614
27.46470399999614
27.46470399999614
27.46470399999614
27.46470399999614
27.46470399999614
27.46470399999614
27.46470399999614
27.46470399999614
27.46470399999614
27.46470399999614
27.46470399999614
27.46470399999614
27.46470399999614
27.46470399999614
27.46470399999614
27.46470399999614
27.46470399999614
27.46470399999614
27.46470399999614
27.46470399999614
27.46470399999614
27.46470399999614
27.46470399999614
27.46470399999614
27.46470399999614
27.46470399999614
27.46470399999614
27.46470399999614
27.46470399999614
27.46470399999614
27.46470399999614
27.46470399999614
27.46470399999614
27.46470399999614
27.46470399999614
27.46470399999614
27.46470399999614
27.46470399999614
27.46470399999614
27.46470399999614
27.46470399999614
27.46470399999614
27.46470399999614
27.46470399999614
27.46470399999614
27.46470399999614
27.46470399999614
27.46470399999614
27.46470399999614
27.46470399999614
27.46470399999614
27.46470399999614
27.46470399999614
27.46470399999614
27.46470399999614
27.46470399999614
27.46470399999614
27.46470399999614
27.46470399999614
27.46470399999614
27.46470399999614
27.46470399999614
27.46470399999614
27.46470399999614
27.46470399999614
27.46470399999614
27.46470399999614
27.46470399999614
27.46470399999614
27.46470399999614
27.46470399999614
27.46470399999614
27.46470399999614
27.46470399999614
27.46470399999614
27.46470399999614
27.46470399999614
27.46470399999614
27.46470399999614
27.46470399999614
27.46470399999614
27.46470399999614
27.46470399999614
27.46470399999614
27.46470399999614
27.46470399999614
27.46470399999614
27.46470399999614
27.46470399999614
27.46470399999614
27.46470399999614
27.46470399999614
27.46470399999614
27.46470399999614
27.46470399999614
27.46470399999614
27.46470399999614
27.46470399999614
27.46470399999614
27.46470399999614
27.46470399999614
27.46470399999614
27.46470399999614
27.46470399999614
27.46470399999614
27.46470399999614
27.46470399999614
27.46470399999614
27.46470399999614
27.46470399999614
27.46470399999614
27.46470399999614
27.46470399999614
27.46470399999614
27.46470399999614
27.46470399999614
27.46470399999614
27.46470399999614
27.46470399999614
27.46470399999614
27.46470399999614
27.46470399999614
27.46470399999614
27.46470399999614
27.46470399999614
27.46470399999614
27.46470399999614
27.46470399999614
27.46470399999614
27.46470399999614
27.46470399999614
27.46470399999614
27.46470399999614
27.46470399999614
27.46470399999614
27.46470399999614
27.46470399999614
27.46470399999614
27.46470399999614
27.46470399999614
27.46470399999614
27.46470399999614
27.46470399999614
27.46470399999614
27.46470399999614
27.46470399999614
27.46470399999614
27.46470399999614
27.46470399999614
27.46470399999614
27.46470399999614
27.46470399999614
27.46470399999614
27.46470399999614
27.46470399999614
27.46470399999614
27.46470399999614
27.46470399999614
27.46470399999614
27.46470399999614
27.46470399999614
27.46470399999614
27.46470399999614
27.46470399999614
27.46470399999614
27.46470399999614
27.46470399999614
27.46470399999614
27.46470399999614
27.46470399999614
27.46470399999614
27.46470399999614
27.46470399999614
27.46470399999614
27.46470399999614
27.46470399999614
27.46470399999614
27.46470399999614
27.46470399999614
27.46470399999614
27.46470399999614
27.46470399999614
27.46470399999614
27.46470399999614
27.46470399999614
27.46470399999614
27.46470399999614
27.46470399999614
27.46470399999614
27.46470399999614
27.46470399999614
27.46470399999614
27.46470399999614
27.46470399999614
27.46470399999614
27.46470399999614
27.46470399999614
27.46470399999614
27.46470399999614
27.46470399999614
27.46470399999614
27.46470399999614
27.46470399999614
27.46470399999614
27.46470399999614
27.46470399999614
27.46470399999614
27.46470399999614
27.46470399999614
27.46470399999614
27.46470399999614
27.46470399999614
27.46470399999614
27.46470399999614
27.46470399999614
27.46470399999614
27.46470399999614
27.46470399999614
27.46470399999614
27.46470399999614
27.46470399999614
27.46470399999614
27.46470399999614
27.46470399999614
27.46470399999614
27.46470399999614
27.46470399999614
27.46470399999614
27.46470399999614
27.46470399999614
27.46470399999614
27.46470399999614
27.46470399999614
27.46470399999614
27.46470399999614
27.46470399999614
27.46470399999614
27.46470399999614
27.46470399999614
27.46470399999614
27.46470399999614
27.46470399999614
27.46470399999614
27.46470399999614
27.46470399999614
27.46470399999614
27.46470399999614
27.46470399999614
27.46470399999614
27.46470399999614
27.46470399999614
27.46470399999614
27.46470399999614
27.46470399999614
27.46470399999614
27.46470399999614
27.46470399999614
27.46470399999614
27.46470399999614
27.46470399999614
27.46470399999614
27.46470399999614
27.46470399999614
27.46470399999614
27.46470399999614
27.46470399999614
27.46470399999614
27.46470399999614
27.46470399999614
27.46470399999614
27.46470399999614
27.46470399999614
27.46470399999614
27.46470399999614
27.46470399999614
27.46470399999614
27.46470399999614
27.46470399999614
27.46470399999614
27.46470399999614
27.46470399999614
27.46470399999614
27.46470399999614
27.46470399999614
27.46470399999614
27.46470399999614
27.46470399999614
27.46470399999614
27.46470399999614
27.46470399999614
27.46470399999614
27.46470399999614
27.46470399999614
27.46470399999614
27.46470399999614
27.46470399999614
27.46470399999614
27.46470399999614
27.46470399999614
27.46470399999614
27.46470399999614
27.46470399999614
27.46470399999614
27.46470399999614
27.46470399999614
27.46470399999614
27.46470399999614
27.46470399999614
27.46470399999614
27.46470399999614
27.46470399999614
27.46470399999614
27.46470399999614
27.46470399999614
27.46470399999614
27.46470399999614
27.46470399999614
27.46470399999614
27.46470399999614
27.46470399999614
27.46470399999614
27.46470399999614
27.46470399999614
27.46470399999614
27.46470399999614
27.46470399999614
27.46470399999614
27.46470399999614
27.46470399999614
27.46470399999614
27.46470399999614
27.46470399999614
27.46470399999614
27.46470399999614
27.46470399999614
27.46470399999614
27.46470399999614
27.46470399999614
27.46470399999614
27.46470399999614
27.46470399999614
27.46470399999614
27.46470399999614
27.46470399999614
27.46470399999614
27.46470399999614
27.46470399999614
27.46470399999614
27.46470399999614
27.46470399999614
27.46470399999614
27.46470399999614
27.46470399999614
27.46470399999614
27.46470399999614
27.46470399999614
27.46470399999614
27.46470399999614
27.46470399999614
27.46470399999614
27.46470399999614
27.46470399999614
27.46470399999614
27.46470399999614
27.46470399999614
27.46470399999614
27.46470399999614
27.46470399999614
27.46470399999614
27.46470399999614
27.46470399999614
27.46470399999614
27.46470399999614
27.46470399999614
27.46470399999614
27.46470399999614
27.46470399999614
27.46470399999614
27.46470399999614
27.46470399999614
27.46470399999614
27.46470399999614
27.46470399999614
27.46470399999614
27.46470399999614
27.46470399999614
27.46470399999614
27.46470399999614
27.46470399999614
27.46470399999614
27.46470399999614
27.46470399999614
27.46470399999614
27.46470399999614
27.46470399999614
27.46470399999614
27.46470399999614
27.46470399999614
27.46470399999614
27.46470399999614
27.46470399999614
27.46470399999614
27.46470399999614
27.46470399999614
27.46470399999614
27.46470399999614
27.46470399999614
27.46470399999614
27.46470399999614
27.46470399999614
27.46470399999614
27.46470399999614
27.46470399999614
27.46470399999614
27.46470399999614
27.46470399999614
27.46470399999614
27.46470399999614
27.46470399999614
27.46470399999614
27.46470399999614
27.46470399999614
27.46470399999614
27.46470399999614
27.46470399999614
27.46470399999614
27.46470399999614
27.46470399999614
27.46470399999614
27.46470399999614
27.46470399999614
27.46470399999614
27.46470399999614
27.46470399999614
27.46470399999614
27.46470399999614
27.46470399999614
27.46470399999614
27.46470399999614
27.46470399999614
27.46470399999614
27.46470399999614
27.46470399999614
27.46470399999614
27.46470399999614
27.46470399999614
27.46470399999614
27.46470399999614
27.46470399999614
27.46470399999614
27.46470399999614
27.46470399999614
27.46470399999614
27.46470399999614
27.46470399999614
27.46470399999614
27.46470399999614
27.46470399999614
27.46470399999614
27.46470399999614
27.46470399999614
27.46470399999614
27.46470399999614
27.46470399999614
27.46470399999614
27.46470399999614
27.46470399999614
27.46470399999614
27.46470399999614
27.46470399999614
27.46470399999614
27.46470399999614
27.46470399999614
27.46470399999614
27.46470399999614
27.46470399999614
27.46470399999614
27.46470399999614
27.46470399999614
27.46470399999614
27.46470399999614
27.46470399999614
27.46470399999614
27.46470399999614
27.46470399999614
27.46470399999614
27.46470399999614
27.46470399999614
27.46470399999614
27.46470399999614
27.46470399999614
27.46470399999614
27.46470399999614
27.46470399999614
27.46470399999614
27.46470399999614
27.46470399999614
27.46470399999614
27.46470399999614
27.46470399999614
27.46470399999614
27.46470399999614
27.46470399999614
27.46470399999614
27.46470399999614
27.46470399999614
27.46470399999614
27.46470399999614
27.46470399999614
27.46470399999614
27.46470399999614
27.46470399999614
27.46470399999614
27.46470399999614
27.46470399999614
27.46470399999614
27.46470399999614
27.46470399999614
27.46470399999614
27.46470399999614
27.46470399999614
27.46470399999614
27.46470399999614
27.46470399999614
27.46470399999614
27.46470399999614
27.46470399999614
27.46470399999614
27.46470399999614
27.46470399999614
27.46470399999614
27.46470399999614
27.46470399999614
27.46470399999614
27.46470399999614
27.46470399999614
27.46470399999614
27.46470399999614
27.46470399999614
27.46470399999614
27.46470399999614
27.46470399999614
27.46470399999614
27.46470399999614
27.46470399999614
27.46470399999614
27.46470399999614
27.46470399999614
27.46470399999614
27.46470399999614
27.46470399999614
27.46470399999614
27.46470399999614
27.46470399999614
27.46470399999614
27.46470399999614
27.46470399999614
27.46470399999614
27.46470399999614
27.46470399999614
27.46470399999614
27.46470399999614
27.46470399999614
27.46470399999614
27.46470399999614
27.46470399999614
27.46470399999614
27.46470399999614
27.46470399999614
27.46470399999614
27.46470399999614
27.46470399999614
27.46470399999614
27.46470399999614
27.46470399999614
27.46470399999614
27.46470399999614
27.46470399999614
27.46470399999614
27.46470399999614
27.46470399999614
27.46470399999614
27.46470399999614
27.46470399999614
27.46470399999614
27.46470399999614
27.46470399999614
27.46470399999614
27.46470399999614
27.46470399999614
27.46470399999614
27.46470399999614
27.46470399999614
27.46470399999614
27.46470399999614
27.46470399999614
27.46470399999614
27.46470399999614
27.46470399999614
27.46470399999614
27.46470399999614
27.46470399999614
27.46470399999614
27.46470399999614
27.46470399999614
27.46470399999614
27.46470399999614
27.46470399999614
27.46470399999614
27.46470399999614
27.46470399999614
27.46470399999614
27.46470399999614
27.46470399999614
27.46470399999614
27.46470399999614
27.46470399999614
27.46470399999614
27.46470399999614
27.46470399999614
27.46470399999614
27.46470399999614
27.46470399999614
27.46470399999614
27.46470399999614
27.46470399999614
27.46470399999614
27.46470399999614
27.46470399999614
27.46470399999614
27.46470399999614
27.46470399999614
27.46470399999614
27.46470399999614
27.46470399999614
27.46470399999614
27.46470399999614
27.46470399999614
27.46470399999614
27.46470399999614
27.46470399999614
27.46470399999614
27.46470399999614
27.46470399999614
27.46470399999614
27.46470399999614
27.46470399999614
27.46470399999614
27.46470399999614
27.46470399999614
27.46470399999614
27.46470399999614
27.46470399999614
27.46470399999614
27.46470399999614
27.46470399999614
27.46470399999614
27.46470399999614
27.46470399999614
27.46470399999614
27.46470399999614
27.46470399999614
27.46470399999614
27.46470399999614
27.46470399999614
27.46470399999614
27.46470399999614
27.46470399999614
27.46470399999614
27.46470399999614
27.46470399999614
27.46470399999614
27.46470399999614
27.46470399999614
27.46470399999614
27.46470399999614
27.46470399999614
27.46470399999614
27.46470399999614
27.46470399999614
27.46470399999614
27.46470399999614
27.46470399999614
27.46470399999614
27.46470399999614
27.46470399999614
27.46470399999614
27.46470399999614
27.46470399999614
27.46470399999614
27.46470399999614
27.46470399999614
27.46470399999614
27.46470399999614
27.46470399999614
27.46470399999614
27.46470399999614
27.46470399999614
27.46470399999614
27.46470399999614
27.46470399999614
27.46470399999614
27.46470399999614
27.46470399999614
27.46470399999614
27.46470399999614
27.46470399999614
27.46470399999614
27.46470399999614
27.46470399999614
27.46470399999614
27.46470399999614
27.46470399999614
27.46470399999614
27.46470399999614
27.46470399999614
27.46470399999614
27.46470399999614
27.46470399999614
27.46470399999614
27.46470399999614
27.46470399999614
27.46470399999614
27.46470399999614
27.46470399999614
27.46470399999614
27.46470399999614
27.46470399999614
27.46470399999614
27.46470399999614
27.46470399999614
27.46470399999614
27.46470399999614
27.46470399999614
27.46470399999614
27.46470399999614
27.46470399999614
27.46470399999614
27.46470399999614
27.46470399999614
27.46470399999614
27.46470399999614
27.46470399999614
27.46470399999614
27.46470399999614
27.46470399999614
27.46470399999614
27.46470399999614
27.46470399999614
27.46470399999614
27.46470399999614
27.46470399999614
27.46470399999614
27.46470399999614
27.46470399999614
27.46470399999614
27.46470399999614
27.46470399999614
27.46470399999614
27.46470399999614
27.46470399999614
27.46470399999614
27.46470399999614
27.46470399999614
27.46470399999614
27.46470399999614
27.46470399999614
27.46470399999614
27.46470399999614
27.46470399999614
27.46470399999614
27.46470399999614
27.46470399999614
27.46470399999614
27.46470399999614
27.46470399999614
27.46470399999614
27.46470399999614
27.46470399999614
27.46470399999614
27.46470399999614
27.46470399999614
27.46470399999614
27.46470399999614
27.46470399999614
27.46470399999614
27.46470399999614
27.46470399999614
27.46470399999614
27.46470399999614
27.46470399999614
27.46470399999614
27.46470399999614
27.46470399999614
27.46470399999614
27.46470399999614
27.46470399999614
27.46470399999614
27.46470399999614
27.46470399999614
27.46470399999614
27.46470399999614
27.46470399999614
27.46470399999614
27.46470399999614
27.46470399999614
27.46470399999614
27.46470399999614
27.46470399999614
27.46470399999614
27.46470399999614
27.46470399999614
27.46470399999614
27.46470399999614
27.46470399999614
27.46470399999614
27.46470399999614
27.46470399999614
27.46470399999614
27.46470399999614
27.46470399999614
27.46470399999614
27.46470399999614
27.46470399999614
27.46470399999614
27.46470399999614
27.46470399999614
27.46470399999614
27.46470399999614
27.46470399999614
27.46470399999614
27.46470399999614
27.46470399999614
27.46470399999614
27.46470399999614
27.46470399999614
27.46470399999614
27.46470399999614
27.46470399999614
27.46470399999614
27.46470399999614
27.46470399999614
27.46470399999614
27.46470399999614
27.46470399999614
27.46470399999614
27.46470399999614
27.46470399999614
27.46470399999614
27.46470399999614
27.46470399999614
27.46470399999614
27.46470399999614
27.46470399999614
27.46470399999614
27.46470399999614
27.46470399999614
27.46470399999614
27.46470399999614
27.46470399999614
27.46470399999614
27.46470399999614
27.46470399999614
27.46470399999614
27.46470399999614
27.46470399999614
27.46470399999614
27.46470399999614
27.46470399999614
27.46470399999614
27.46470399999614
27.46470399999614
27.46470399999614
27.46470399999614
27.46470399999614
27.46470399999614
27.46470399999614
27.46470399999614
27.46470399999614
27.46470399999614
27.46470399999614
27.46470399999614
27.46470399999614
27.46470399999614
27.46470399999614
27.46470399999614
27.46470399999614
27.46470399999614
27.46470399999614
27.46470399999614
27.46470399999614
27.46470399999614
27.46470399999614
27.46470399999614
27.46470399999614
27.46470399999614
27.46470399999614
27.46470399999614
27.46470399999614
27.46470399999614
27.46470399999614
27.46470399999614
27.46470399999614
27.46470399999614
27.46470399999614
27.46470399999614
27.46470399999614
27.46470399999614
27.46470399999614
27.46470399999614
27.46470399999614
27.46470399999614
27.46470399999614
27.46470399999614
27.46470399999614
27.46470399999614
27.46470399999614
27.46470399999614
27.46470399999614
27.46470399999614
27.46470399999614
27.46470399999614
27.46470399999614
27.46470399999614
27.46470399999614
27.46470399999614
27.46470399999614
27.46470399999614
27.46470399999614
27.46470399999614
27.46470399999614
27.46470399999614
27.46470399999614
27.46470399999614
27.46470399999614
27.46470399999614
27.46470399999614
27.46470399999614
27.46470399999614
27.46470399999614
27.46470399999614
27.46470399999614
27.46470399999614
27.46470399999614
27.46470399999614
27.46470399999614
27.46470399999614
27.46470399999614
27.46470399999614
27.46470399999614
27.46470399999614
27.46470399999614
27.46470399999614
27.46470399999614
27.46470399999614
27.46470399999614
27.46470399999614
27.46470399999614
27.46470399999614
27.46470399999614
27.46470399999614
27.46470399999614
27.46470399999614
27.46470399999614
27.46470399999614
27.46470399999614
27.46470399999614
27.46470399999614
27.46470399999614
27.46470399999614
27.46470399999614
27.46470399999614
27.46470399999614
27.46470399999614
27.46470399999614
27.46470399999614
27.46470399999614
27.46470399999614
27.46470399999614
27.46470399999614
27.46470399999614
27.46470399999614
27.46470399999614
27.46470399999614
27.46470399999614
27.46470399999614
27.46470399999614
27.46470399999614
27.46470399999614
27.46470399999614
27.46470399999614
27.46470399999614
27.46470399999614
27.46470399999614
27.46470399999614
27.46470399999614
27.46470399999614
27.46470399999614
27.46470399999614
27.46470399999614
27.46470399999614
27.46470399999614
27.46470399999614
27.46470399999614
27.46470399999614
27.46470399999614
27.46470399999614
27.46470399999614
27.46470399999614
27.46470399999614
27.46470399999614
27.46470399999614
27.46470399999614
27.46470399999614
27.46470399999614
27.46470399999614
27.46470399999614
27.46470399999614
27.46470399999614
27.46470399999614
27.46470399999614
27.46470399999614
27.46470399999614
27.46470399999614
27.46470399999614
27.46470399999614
27.46470399999614
27.46470399999614
27.46470399999614
27.46470399999614
27.46470399999614
27.46470399999614
27.46470399999614
27.46470399999614
27.46470399999614
27.46470399999614
27.46470399999614
27.46470399999614
27.46470399999614
27.46470399999614
27.46470399999614
27.46470399999614
27.46470399999614
27.46470399999614
27.46470399999614
27.46470399999614
27.46470399999614
27.46470399999614
27.46470399999614
27.46470399999614
27.46470399999614
27.46470399999614
27.46470399999614
27.46470399999614
27.46470399999614
27.46470399999614
27.46470399999614
27.46470399999614
27.46470399999614
27.46470399999614
27.46470399999614
27.46470399999614
27.46470399999614
27.46470399999614
27.46470399999614
27.46470399999614
27.46470399999614
27.46470399999614
27.46470399999614
27.46470399999614
27.46470399999614
27.46470399999614
27.46470399999614
27.46470399999614
27.46470399999614
27.46470399999614
27.46470399999614
27.46470399999614
27.46470399999614
27.46470399999614
27.46470399999614
27.46470399999614
27.46470399999614
27.46470399999614
27.46470399999614
27.46470399999614
27.46470399999614
27.46470399999614
27.46470399999614
27.46470399999614
27.46470399999614
27.46470399999614
27.46470399999614
27.46470399999614
27.46470399999614
27.46470399999614
27.46470399999614
27.46470399999614
27.46470399999614
27.46470399999614
27.46470399999614
27.46470399999614
27.46470399999614
27.46470399999614
27.46470399999614
27.46470399999614
27.46470399999614
27.46470399999614
27.46470399999614
27.46470399999614
27.46470399999614
27.46470399999614
27.46470399999614
27.46470399999614
27.46470399999614
27.46470399999614
27.46470399999614
27.46470399999614
27.46470399999614
27.46470399999614
27.46470399999614
27.46470399999614
27.46470399999614
27.46470399999614
27.46470399999614
27.46470399999614
27.46470399999614
27.46470399999614
27.46470399999614
27.46470399999614
27.46470399999614
27.46470399999614
27.46470399999614
27.46470399999614
27.46470399999614
27.46470399999614
27.46470399999614
27.46470399999614
27.46470399999614
27.46470399999614
27.46470399999614
27.46470399999614
27.46470399999614
27.46470399999614
27.46470399999614
27.46470399999614
27.46470399999614
27.46470399999614
27.46470399999614
27.46470399999614
27.46470399999614
27.46470399999614
27.46470399999614
27.46470399999614
27.46470399999614
27.46470399999614
27.46470399999614
27.46470399999614
27.46470399999614
27.46470399999614
27.46470399999614
27.46470399999614
27.46470399999614
27.46470399999614
27.46470399999614
27.46470399999614
27.46470399999614
27.46470399999614
27.46470399999614
27.46470399999614
27.46470399999614
27.46470399999614
27.46470399999614
27.46470399999614
27.46470399999614
27.46470399999614
27.46470399999614
27.46470399999614
27.46470399999614
27.46470399999614
27.46470399999614
27.46470399999614
27.46470399999614
27.46470399999614
27.46470399999614
27.46470399999614
27.46470399999614
27.46470399999614
27.46470399999614
27.46470399999614
27.46470399999614
27.46470399999614
27.46470399999614
27.46470399999614
27.46470399999614
27.46470399999614
27.46470399999614
27.46470399999614
27.46470399999614
27.46470399999614
27.46470399999614
27.46470399999614
27.46470399999614
27.46470399999614
27.46470399999614
27.46470399999614
27.46470399999614
27.46470399999614
27.46470399999614
27.46470399999614
27.46470399999614
27.46470399999614
27.46470399999614
27.46470399999614
27.46470399999614
27.46470399999614
27.46470399999614
27.46470399999614
27.46470399999614
27.46470399999614
27.46470399999614
27.46470399999614
27.46470399999614
27.46470399999614
27.46470399999614
27.46470399999614
27.46470399999614
27.46470399999614
27.46470399999614
27.46470399999614
27.46470399999614
27.46470399999614
27.46470399999614
27.46470399999614
27.46470399999614
27.46470399999614
27.46470399999614
27.46470399999614
27.46470399999614
27.46470399999614
27.46470399999614
27.46470399999614
27.46470399999614
27.46470399999614
27.46470399999614
27.46470399999614
27.46470399999614
27.46470399999614
27.46470399999614
27.46470399999614
27.46470399999614
27.46470399999614
27.46470399999614
27.46470399999614
27.46470399999614
27.46470399999614
27.46470399999614
27.46470399999614
27.46470399999614
27.46470399999614
27.46470399999614
27.46470399999614
27.46470399999614
27.46470399999614
27.46470399999614
27.46470399999614
27.46470399999614
27.46470399999614
27.46470399999614
27.46470399999614
27.46470399999614
27.46470399999614
27.46470399999614
27.46470399999614
27.46470399999614
27.46470399999614
27.46470399999614
27.46470399999614
27.46470399999614
27.46470399999614
27.46470399999614
27.46470399999614
27.46470399999614
27.46470399999614
27.46470399999614
27.46470399999614
27.46470399999614
27.46470399999614
27.46470399999614
27.46470399999614
27.46470399999614
27.46470399999614
27.46470399999614
27.46470399999614
27.46470399999614
27.46470399999614
27.46470399999614
27.46470399999614
27.46470399999614
27.46470399999614
27.46470399999614
27.46470399999614
27.46470399999614
27.46470399999614
27.46470399999614
27.46470399999614
27.46470399999614
27.46470399999614
27.46470399999614
27.46470399999614
27.46470399999614
27.46470399999614
27.46470399999614
27.46470399999614
27.46470399999614
27.46470399999614
27.46470399999614
27.46470399999614
27.46470399999614
27.46470399999614
27.46470399999614
27.46470399999614
27.46470399999614
27.46470399999614
27.46470399999614
27.46470399999614
27.46470399999614
27.46470399999614
27.46470399999614
27.46470399999614
27.46470399999614
27.46470399999614
27.46470399999614
27.46470399999614
27.46470399999614
27.46470399999614
27.46470399999614
27.46470399999614
27.46470399999614
27.46470399999614
27.46470399999614
27.46470399999614
27.46470399999614
27.46470399999614
27.46470399999614
27.46470399999614
27.46470399999614
27.46470399999614
27.46470399999614
27.46470399999614
27.46470399999614
27.46470399999614
27.46470399999614
27.46470399999614
27.46470399999614
27.46470399999614
27.46470399999614
27.46470399999614
27.46470399999614
27.46470399999614
27.46470399999614
27.46470399999614
27.46470399999614
27.46470399999614
27.46470399999614
27.46470399999614
27.46470399999614
27.46470399999614
27.46470399999614
27.46470399999614
27.46470399999614
27.46470399999614
27.46470399999614
27.46470399999614
27.46470399999614
27.46470399999614
27.46470399999614
27.46470399999614
27.46470399999614
27.46470399999614
27.46470399999614
27.46470399999614
27.46470399999614
27.46470399999614
27.46470399999614
27.46470399999614
27.46470399999614
27.46470399999614
27.46470399999614
27.46470399999614
27.46470399999614
27.46470399999614
27.46470399999614
27.46470399999614
27.46470399999614
27.46470399999614
27.46470399999614
27.46470399999614
27.46470399999614
27.46470399999614
27.46470399999614
27.46470399999614
27.46470399999614
27.46470399999614
27.46470399999614
27.46470399999614
27.46470399999614
27.46470399999614
27.46470399999614
27.46470399999614
27.46470399999614
27.46470399999614
27.46470399999614
27.46470399999614
27.46470399999614
27.46470399999614
27.46470399999614
27.46470399999614
27.46470399999614
27.46470399999614
27.46470399999614
27.46470399999614
27.46470399999614
27.46470399999614
27.46470399999614
27.46470399999614
27.46470399999614
27.46470399999614
27.46470399999614
27.46470399999614
27.46470399999614
27.46470399999614
27.46470399999614
27.46470399999614
27.46470399999614
27.46470399999614
27.46470399999614
27.46470399999614
27.46470399999614
27.46470399999614
27.46470399999614
27.46470399999614
27.46470399999614
27.46470399999614
27.46470399999614
27.46470399999614
27.46470399999614
27.46470399999614
27.46470399999614
27.46470399999614
27.46470399999614
27.46470399999614
27.46470399999614
27.46470399999614
27.46470399999614
27.46470399999614
27.46470399999614
27.46470399999614
27.46470399999614
27.46470399999614
27.46470399999614
27.46470399999614
27.46470399999614
27.46470399999614
27.46470399999614
27.46470399999614
27.46470399999614
27.46470399999614
27.46470399999614
27.46470399999614
27.46470399999614
27.46470399999614
27.46470399999614
27.46470399999614
27.46470399999614
27.46470399999614
27.46470399999614
27.46470399999614
27.46470399999614
27.46470399999614
27.46470399999614
27.46470399999614
27.46470399999614
27.46470399999614
27.46470399999614
27.46470399999614
27.46470399999614
27.46470399999614
27.46470399999614
27.46470399999614
27.46470399999614
27.46470399999614
27.46470399999614
27.46470399999614
27.46470399999614
27.46470399999614
27.46470399999614
27.46470399999614
27.46470399999614
27.46470399999614
27.46470399999614
27.46470399999614
27.46470399999614
27.46470399999614
27.46470399999614
27.46470399999614
27.46470399999614
27.46470399999614
27.46470399999614
27.46470399999614
27.46470399999614
27.46470399999614
27.46470399999614
27.46470399999614
27.46470399999614
27.46470399999614
27.46470399999614
27.46470399999614
27.46470399999614
27.46470399999614
27.46470399999614
27.46470399999614
27.46470399999614
27.46470399999614
27.46470399999614
27.46470399999614
27.46470399999614
27.46470399999614
27.46470399999614
27.46470399999614
27.46470399999614
27.46470399999614
27.46470399999614
27.46470399999614
27.46470399999614
27.46470399999614
27.46470399999614
27.46470399999614
27.46470399999614
27.46470399999614
27.46470399999614
27.46470399999614
27.46470399999614
27.46470399999614
27.46470399999614
27.46470399999614
27.46470399999614
27.46470399999614
27.46470399999614
27.46470399999614
27.46470399999614
27.46470399999614
27.46470399999614
27.46470399999614
27.46470399999614
27.46470399999614
27.46470399999614
27.46470399999614
27.46470399999614
27.46470399999614
27.46470399999614
27.46470399999614
27.46470399999614
27.46470399999614
27.46470399999614
27.46470399999614
27.46470399999614
27.46470399999614
27.46470399999614
27.46470399999614
27.46470399999614
27.46470399999614
27.46470399999614
27.46470399999614
27.46470399999614
27.46470399999614
27.46470399999614
27.46470399999614
27.46470399999614
27.46470399999614
27.46470399999614
27.46470399999614
27.46470399999614
27.46470399999614
27.46470399999614
27.46470399999614
27.46470399999614
27.46470399999614
27.46470399999614
27.46470399999614
27.46470399999614
27.46470399999614
27.46470399999614
27.46470399999614
27.46470399999614
27.46470399999614
27.46470399999614
27.46470399999614
27.46470399999614
27.46470399999614
27.46470399999614
27.46470399999614
27.46470399999614
27.46470399999614
27.46470399999614
27.46470399999614
27.46470399999614
27.46470399999614
27.46470399999614
27.46470399999614
27.46470399999614
27.46470399999614
27.46470399999614
27.46470399999614
27.46470399999614
27.46470399999614
27.46470399999614
27.46470399999614
27.46470399999614
27.46470399999614
27.46470399999614
27.46470399999614
27.46470399999614
27.46470399999614
27.46470399999614
27.46470399999614
27.46470399999614
27.46470399999614
27.46470399999614
27.46470399999614
27.46470399999614
27.46470399999614
27.46470399999614
27.46470399999614
27.46470399999614
27.46470399999614
27.46470399999614
27.46470399999614
27.46470399999614
27.46470399999614
27.46470399999614
27.46470399999614
27.46470399999614
27.46470399999614
27.46470399999614
27.46470399999614
27.46470399999614
27.46470399999614
27.46470399999614
27.46470399999614
27.46470399999614
27.46470399999614
27.46470399999614
27.46470399999614
27.46470399999614
27.46470399999614
27.46470399999614
27.46470399999614
27.46470399999614
27.46470399999614
27.46470399999614
27.46470399999614
27.46470399999614
27.46470399999614
27.46470399999614
27.46470399999614
27.46470399999614
27.46470399999614
27.46470399999614
27.46470399999614
27.46470399999614
27.46470399999614
27.46470399999614
27.46470399999614
27.46470399999614
27.46470399999614
27.46470399999614
27.46470399999614
27.46470399999614
27.46470399999614
27.46470399999614
27.46470399999614
27.46470399999614
27.46470399999614
27.46470399999614
27.46470399999614
27.46470399999614
27.46470399999614
27.46470399999614
27.46470399999614
27.46470399999614
27.46470399999614
27.46470399999614
27.46470399999614
27.46470399999614
27.46470399999614
27.46470399999614
27.46470399999614
27.46470399999614
27.46470399999614
27.46470399999614
27.46470399999614
27.46470399999614
27.46470399999614
27.46470399999614
27.46470399999614
27.46470399999614
27.46470399999614
27.46470399999614
27.46470399999614
27.46470399999614
27.46470399999614
27.46470399999614
27.46470399999614
27.46470399999614
27.46470399999614
27.46470399999614
27.46470399999614
27.46470399999614
27.46470399999614
27.46470399999614
27.46470399999614
27.46470399999614
27.46470399999614
27.46470399999614
27.46470399999614
27.46470399999614
27.46470399999614
27.46470399999614
27.46470399999614
27.46470399999614
27.46470399999614
27.46470399999614
27.46470399999614
27.46470399999614
27.46470399999614
27.46470399999614
27.46470399999614
27.46470399999614
27.46470399999614
27.46470399999614
27.46470399999614
27.46470399999614
27.46470399999614
27.46470399999614
27.46470399999614
27.46470399999614
27.46470399999614
27.46470399999614
27.46470399999614
27.46470399999614
27.46470399999614
27.46470399999614
27.46470399999614
27.46470399999614
27.46470399999614
27.46470399999614
27.46470399999614
27.46470399999614
27.46470399999614
27.46470399999614
27.46470399999614
27.46470399999614
27.46470399999614
27.46470399999614
27.46470399999614
27.46470399999614
27.46470399999614
27.46470399999614
27.46470399999614
27.46470399999614
27.46470399999614
27.46470399999614
27.46470399999614
27.46470399999614
27.46470399999614
27.46470399999614
27.46470399999614
27.46470399999614
27.46470399999614
27.46470399999614
27.46470399999614
27.46470399999614
27.46470399999614
27.46470399999614
27.46470399999614
27.46470399999614
27.46470399999614
27.46470399999614
27.46470399999614
27.46470399999614
27.46470399999614
27.46470399999614
27.46470399999614
27.46470399999614
27.46470399999614
27.46470399999614
27.46470399999614
27.46470399999614
27.46470399999614
27.46470399999614
27.46470399999614
27.46470399999614
27.46470399999614
27.46470399999614
27.46470399999614
27.46470399999614
27.46470399999614
27.46470399999614
27.46470399999614
27.46470399999614
27.46470399999614
27.46470399999614
27.46470399999614
27.46470399999614
27.46470399999614
27.46470399999614
27.46470399999614
27.46470399999614
27.46470399999614
27.46470399999614
27.46470399999614
27.46470399999614
27.46470399999614
27.46470399999614
27.46470399999614
27.46470399999614
27.46470399999614
27.46470399999614
27.46470399999614
27.46470399999614
27.46470399999614
27.46470399999614
27.46470399999614
27.46470399999614
27.46470399999614
27.46470399999614
27.46470399999614
27.46470399999614
27.46470399999614
27.46470399999614
27.46470399999614
27.46470399999614
27.46470399999614
27.46470399999614
27.46470399999614
27.46470399999614
27.46470399999614
27.46470399999614
27.46470399999614
27.46470399999614
27.46470399999614
27.46470399999614
27.46470399999614
27.46470399999614
27.46470399999614
27.46470399999614
27.46470399999614
27.46470399999614
27.46470399999614
27.46470399999614
27.46470399999614
27.46470399999614
27.46470399999614
27.46470399999614
27.46470399999614
27.46470399999614
27.46470399999614
27.46470399999614
27.46470399999614
27.46470399999614
27.46470399999614
27.46470399999614
27.46470399999614
27.46470399999614
27.46470399999614
27.46470399999614
27.46470399999614
27.46470399999614
27.46470399999614
27.46470399999614
27.46470399999614
27.46470399999614
27.46470399999614
27.46470399999614
27.46470399999614
27.46470399999614
27.46470399999614
27.46470399999614
27.46470399999614
27.46470399999614
27.46470399999614
27.46470399999614
27.46470399999614
27.46470399999614
27.46470399999614
27.46470399999614
27.46470399999614
27.46470399999614
27.46470399999614
27.46470399999614
27.46470399999614
27.46470399999614
27.46470399999614
27.46470399999614
27.46470399999614
27.46470399999614
27.46470399999614
27.46470399999614
27.46470399999614
27.46470399999614
27.46470399999614
27.46470399999614
27.46470399999614
27.46470399999614
27.46470399999614
27.46470399999614
27.46470399999614
27.46470399999614
27.46470399999614
27.46470399999614
27.46470399999614
27.46470399999614
27.46470399999614
27.46470399999614
27.46470399999614
27.46470399999614
27.46470399999614
27.46470399999614
27.46470399999614
27.46470399999614
27.46470399999614
27.46470399999614
27.46470399999614
27.46470399999614
27.46470399999614
27.46470399999614
27.46470399999614
27.46470399999614
27.46470399999614
27.46470399999614
27.46470399999614
27.46470399999614
27.46470399999614
27.46470399999614
27.46470399999614
27.46470399999614
27.46470399999614
27.46470399999614
27.46470399999614
27.46470399999614
27.46470399999614
27.46470399999614
27.46470399999614
27.46470399999614
27.46470399999614
27.46470399999614
27.46470399999614
27.46470399999614
27.46470399999614
27.46470399999614
27.46470399999614
27.46470399999614
27.46470399999614
27.46470399999614
27.46470399999614
27.46470399999614
27.46470399999614
27.46470399999614
27.46470399999614
27.46470399999614
27.46470399999614
27.46470399999614
27.46470399999614
27.46470399999614
27.46470399999614
27.46470399999614
27.46470399999614
27.46470399999614
27.46470399999614
27.46470399999614
27.46470399999614
27.46470399999614
27.46470399999614
27.46470399999614
27.46470399999614
27.46470399999614
27.46470399999614
27.46470399999614
27.46470399999614
27.46470399999614
27.46470399999614
27.46470399999614
27.46470399999614
27.46470399999614
27.46470399999614
27.46470399999614
27.46470399999614
27.46470399999614
27.46470399999614
27.46470399999614
27.46470399999614
27.46470399999614
27.46470399999614
27.46470399999614
27.46470399999614
27.46470399999614
27.46470399999614
27.46470399999614
27.46470399999614
27.46470399999614
27.46470399999614
27.46470399999614
27.46470399999614
27.46470399999614
27.46470399999614
27.46470399999614
27.46470399999614
27.46470399999614
27.46470399999614
27.46470399999614
27.46470399999614
27.46470399999614
27.46470399999614
27.46470399999614
27.46470399999614
27.46470399999614
27.46470399999614
27.46470399999614
27.46470399999614
27.46470399999614
27.46470399999614
27.46470399999614
27.46470399999614
27.46470399999614
27.46470399999614
27.46470399999614
27.46470399999614
27.46470399999614
27.46470399999614
27.46470399999614
27.46470399999614
27.46470399999614
27.46470399999614
27.46470399999614
27.46470399999614
27.46470399999614
27.46470399999614
27.46470399999614
27.46470399999614
27.46470399999614
27.46470399999614
27.46470399999614
27.46470399999614
27.46470399999614
27.46470399999614
27.46470399999614
27.46470399999614
27.46470399999614
27.46470399999614
27.46470399999614
27.46470399999614
27.46470399999614
27.46470399999614
27.46470399999614
27.46470399999614
27.46470399999614
27.46470399999614
27.46470399999614
27.46470399999614
27.46470399999614
27.46470399999614
27.46470399999614
27.46470399999614
27.46470399999614
27.46470399999614
27.46470399999614
27.46470399999614
27.46470399999614
27.46470399999614
27.46470399999614
27.46470399999614
27.46470399999614
27.46470399999614
27.46470399999614
27.46470399999614
27.46470399999614
27.46470399999614
27.46470399999614
27.46470399999614
27.46470399999614
27.46470399999614
27.46470399999614
27.46470399999614
27.46470399999614
27.46470399999614
27.46470399999614
27.46470399999614
27.46470399999614
27.46470399999614
27.46470399999614
27.46470399999614
27.46470399999614
27.46470399999614
27.46470399999614
27.46470399999614
27.46470399999614
27.46470399999614
27.46470399999614
27.46470399999614
27.46470399999614
27.46470399999614
27.46470399999614
27.46470399999614
27.46470399999614
27.46470399999614
27.46470399999614
27.46470399999614
27.46470399999614
27.46470399999614
27.46470399999614
27.46470399999614
27.46470399999614
27.46470399999614
27.46470399999614
27.46470399999614
27.46470399999614
27.46470399999614
27.46470399999614
27.46470399999614
27.46470399999614
27.46470399999614
27.46470399999614
27.46470399999614
27.46470399999614
27.46470399999614
27.46470399999614
27.46470399999614
27.46470399999614
27.46470399999614
27.46470399999614
27.46470399999614
27.46470399999614
27.46470399999614
27.46470399999614
27.46470399999614
27.46470399999614
27.46470399999614
27.46470399999614
27.46470399999614
27.46470399999614
27.46470399999614
27.46470399999614
27.46470399999614
27.46470399999614
27.46470399999614
27.46470399999614
27.46470399999614
27.46470399999614
27.46470399999614
27.46470399999614
27.46470399999614
27.46470399999614
27.46470399999614
27.46470399999614
27.46470399999614
27.46470399999614
27.46470399999614
27.46470399999614
27.46470399999614
27.46470399999614
27.46470399999614
27.46470399999614
27.46470399999614
27.46470399999614
27.46470399999614
27.46470399999614
27.46470399999614
27.46470399999614
27.46470399999614
27.46470399999614
27.46470399999614
27.46470399999614
27.46470399999614
27.46470399999614
27.46470399999614
27.46470399999614
27.46470399999614
27.46470399999614
27.46470399999614
27.46470399999614
27.46470399999614
27.46470399999614
27.46470399999614
27.46470399999614
27.46470399999614
27.46470399999614
27.46470399999614
27.46470399999614
27.46470399999614
27.46470399999614
27.46470399999614
27.46470399999614
27.46470399999614
27.46470399999614
27.46470399999614
27.46470399999614
27.46470399999614
27.46470399999614
27.46470399999614
27.46470399999614
27.46470399999614
27.46470399999614
27.46470399999614
27.46470399999614
27.46470399999614
27.46470399999614
27.46470399999614
27.46470399999614
27.46470399999614
27.46470399999614
27.46470399999614
27.46470399999614
27.46470399999614
27.46470399999614
27.46470399999614
27.46470399999614
27.46470399999614
27.46470399999614
27.46470399999614
27.46470399999614
27.46470399999614
27.46470399999614
27.46470399999614
27.46470399999614
27.46470399999614
27.46470399999614
27.46470399999614
27.46470399999614
27.46470399999614
27.46470399999614
27.46470399999614
27.46470399999614
27.46470399999614
27.46470399999614
27.46470399999614
27.46470399999614
27.46470399999614
27.46470399999614
27.46470399999614
27.46470399999614
27.46470399999614
27.46470399999614
27.46470399999614
27.46470399999614
27.46470399999614
27.46470399999614
27.46470399999614
27.46470399999614
27.46470399999614
27.46470399999614
27.46470399999614
27.46470399999614
27.46470399999614
27.46470399999614
27.46470399999614
27.46470399999614
27.46470399999614
27.46470399999614
27.46470399999614
27.46470399999614
27.46470399999614
27.46470399999614
27.46470399999614
27.46470399999614
27.46470399999614
27.46470399999614
27.46470399999614
27.46470399999614
27.46470399999614
27.46470399999614
27.46470399999614
27.46470399999614
27.46470399999614
27.46470399999614
27.46470399999614
27.46470399999614
27.46470399999614
27.46470399999614
27.46470399999614
27.46470399999614
27.46470399999614
27.46470399999614
27.46470399999614
27.46470399999614
27.46470399999614
27.46470399999614
27.46470399999614
27.46470399999614
27.46470399999614
27.46470399999614
27.46470399999614
27.46470399999614
27.46470399999614
27.46470399999614
27.46470399999614
27.46470399999614
27.46470399999614
27.46470399999614
27.46470399999614
27.46470399999614
27.46470399999614
27.46470399999614
27.46470399999614
27.46470399999614
27.46470399999614
27.46470399999614
27.46470399999614
27.46470399999614
27.46470399999614
27.46470399999614
27.46470399999614
27.46470399999614
27.46470399999614
27.46470399999614
27.46470399999614
27.46470399999614
27.46470399999614
27.46470399999614
27.46470399999614
27.46470399999614
27.46470399999614
27.46470399999614
27.46470399999614
27.46470399999614
27.46470399999614
27.46470399999614
27.46470399999614
27.46470399999614
27.46470399999614
27.46470399999614
27.46470399999614
27.46470399999614
27.46470399999614
27.46470399999614
27.46470399999614
27.46470399999614
27.46470399999614
27.46470399999614
27.46470399999614
27.46470399999614
27.46470399999614
27.46470399999614
27.46470399999614
27.46470399999614
27.46470399999614
27.46470399999614
27.46470399999614
27.46470399999614
27.46470399999614
27.46470399999614
27.46470399999614
27.46470399999614
27.46470399999614
27.46470399999614
27.46470399999614
27.46470399999614
27.46470399999614
27.46470399999614
27.46470399999614
27.46470399999614
27.46470399999614
27.46470399999614
27.46470399999614
27.46470399999614
27.46470399999614
27.46470399999614
27.46470399999614
27.46470399999614
27.46470399999614
27.46470399999614
27.46470399999614
27.46470399999614
27.46470399999614
27.46470399999614
27.46470399999614
27.46470399999614
27.46470399999614
27.46470399999614
27.46470399999614
27.46470399999614
27.46470399999614
27.46470399999614
27.46470399999614
27.46470399999614
27.46470399999614
27.46470399999614
27.46470399999614
27.46470399999614
27.46470399999614
27.46470399999614
27.46470399999614
27.46470399999614
27.46470399999614
27.46470399999614
27.46470399999614
27.46470399999614
27.46470399999614
27.46470399999614
27.46470399999614
27.46470399999614
27.46470399999614
27.46470399999614
27.46470399999614
27.46470399999614
27.46470399999614
27.46470399999614
27.46470399999614
27.46470399999614
27.46470399999614
27.46470399999614
27.46470399999614
27.46470399999614
27.46470399999614
27.46470399999614
27.46470399999614
27.46470399999614
27.46470399999614
27.46470399999614
27.46470399999614
27.46470399999614
27.46470399999614
27.46470399999614
27.46470399999614
27.46470399999614
27.46470399999614
27.46470399999614
27.46470399999614
27.46470399999614
27.46470399999614
27.46470399999614
27.46470399999614
27.46470399999614
27.46470399999614
27.46470399999614
27.46470399999614
27.46470399999614
27.46470399999614
27.46470399999614
27.46470399999614
27.46470399999614
27.46470399999614
27.46470399999614
27.46470399999614
27.46470399999614
27.46470399999614
27.46470399999614
27.46470399999614
27.46470399999614
27.46470399999614
27.46470399999614
27.46470399999614
27.46470399999614
27.46470399999614
27.46470399999614
27.46470399999614
27.46470399999614
27.46470399999614
27.46470399999614
27.46470399999614
27.46470399999614
27.46470399999614
27.46470399999614
27.46470399999614
27.46470399999614
27.46470399999614
27.46470399999614
27.46470399999614
27.46470399999614
27.46470399999614
27.46470399999614
27.46470399999614
27.46470399999614
27.46470399999614
27.46470399999614
27.46470399999614
27.46470399999614
27.46470399999614
27.46470399999614
27.46470399999614
27.46470399999614
27.46470399999614
27.46470399999614
27.46470399999614
27.46470399999614
27.46470399999614
27.46470399999614
27.46470399999614
27.46470399999614
27.46470399999614
27.46470399999614
27.46470399999614
27.46470399999614
27.46470399999614
27.46470399999614
27.46470399999614
27.46470399999614
27.46470399999614
27.46470399999614
27.46470399999614
27.46470399999614
27.46470399999614
27.46470399999614
27.46470399999614
27.46470399999614
27.46470399999614
27.46470399999614
27.46470399999614
27.46470399999614
27.46470399999614
27.46470399999614
27.46470399999614
27.46470399999614
27.46470399999614
27.46470399999614
27.46470399999614
27.46470399999614
27.46470399999614
27.46470399999614
27.46470399999614
27.46470399999614
27.46470399999614
27.46470399999614
27.46470399999614
27.46470399999614
27.46470399999614
27.46470399999614
27.46470399999614
27.46470399999614
27.46470399999614
27.46470399999614
27.46470399999614
27.46470399999614
27.46470399999614
27.46470399999614
27.46470399999614
27.46470399999614
27.46470399999614
27.46470399999614
27.46470399999614
27.46470399999614
27.46470399999614
27.46470399999614
27.46470399999614
27.46470399999614
27.46470399999614
27.46470399999614
27.46470399999614
27.46470399999614
27.46470399999614
27.46470399999614
27.46470399999614
27.46470399999614
27.46470399999614
27.46470399999614
27.46470399999614
27.46470399999614
27.46470399999614
27.46470399999614
27.46470399999614
27.46470399999614
27.46470399999614
27.46470399999614
27.46470399999614
27.46470399999614
27.46470399999614
27.46470399999614
27.46470399999614
27.46470399999614
27.46470399999614
27.46470399999614
27.46470399999614
27.46470399999614
27.46470399999614
27.46470399999614
27.46470399999614
27.46470399999614
27.46470399999614
27.46470399999614
27.46470399999614
27.46470399999614
27.46470399999614
27.46470399999614
27.46470399999614
27.46470399999614
27.46470399999614
27.46470399999614
27.46470399999614
27.46470399999614
27.46470399999614
27.46470399999614
27.46470399999614
27.46470399999614
27.46470399999614
27.46470399999614
27.46470399999614
27.46470399999614
27.46470399999614
27.46470399999614
27.46470399999614
27.46470399999614
27.46470399999614
27.46470399999614
27.46470399999614
27.46470399999614
27.46470399999614
27.46470399999614
27.46470399999614
27.46470399999614
27.46470399999614
27.46470399999614
27.46470399999614
27.46470399999614
27.46470399999614
27.46470399999614
27.46470399999614
27.46470399999614
27.46470399999614
27.46470399999614
27.46470399999614
27.46470399999614
27.46470399999614
27.46470399999614
27.46470399999614
27.46470399999614
27.46470399999614
27.46470399999614
27.46470399999614
27.46470399999614
27.46470399999614
27.46470399999614
27.46470399999614
27.46470399999614
27.46470399999614
27.46470399999614
27.46470399999614
27.46470399999614
27.46470399999614
27.46470399999614
27.46470399999614
27.46470399999614
27.46470399999614
27.46470399999614
27.46470399999614
27.46470399999614
27.46470399999614
27.46470399999614
27.46470399999614
27.46470399999614
27.46470399999614
27.46470399999614
27.46470399999614
27.46470399999614
27.46470399999614
27.46470399999614
27.46470399999614
27.46470399999614
27.46470399999614
27.46470399999614
27.46470399999614
27.46470399999614
27.46470399999614
27.46470399999614
27.46470399999614
27.46470399999614
27.46470399999614
27.46470399999614
27.46470399999614
27.46470399999614
27.46470399999614
27.46470399999614
27.46470399999614
27.46470399999614
27.46470399999614
27.46470399999614
27.46470399999614
27.46470399999614
27.46470399999614
27.46470399999614
27.46470399999614
27.46470399999614
27.46470399999614
27.46470399999614
27.46470399999614
27.46470399999614
27.46470399999614
27.46470399999614
27.46470399999614
27.46470399999614
27.46470399999614
27.46470399999614
27.46470399999614
27.46470399999614
27.46470399999614
27.46470399999614
27.46470399999614
27.46470399999614
27.46470399999614
27.46470399999614
27.46470399999614
27.46470399999614
27.46470399999614
27.46470399999614
27.46470399999614
27.46470399999614
27.46470399999614
27.46470399999614
27.46470399999614
27.46470399999614
27.46470399999614
27.46470399999614
27.46470399999614
27.46470399999614
27.46470399999614
27.46470399999614
27.46470399999614
27.46470399999614
27.46470399999614
27.46470399999614
27.46470399999614
27.46470399999614
27.46470399999614
27.46470399999614
27.46470399999614
27.46470399999614
27.46470399999614
27.46470399999614
27.46470399999614
27.46470399999614
27.46470399999614
27.46470399999614
27.46470399999614
27.46470399999614
27.46470399999614
27.46470399999614
27.46470399999614
27.46470399999614
27.46470399999614
27.46470399999614
27.46470399999614
27.46470399999614
27.46470399999614
27.46470399999614
27.46470399999614
27.46470399999614
27.46470399999614
27.46470399999614
27.46470399999614
27.46470399999614
27.46470399999614
27.46470399999614
27.46470399999614
27.46470399999614
27.46470399999614
27.46470399999614
27.46470399999614
27.46470399999614
27.46470399999614
27.46470399999614
27.46470399999614
27.46470399999614
27.46470399999614
27.46470399999614
27.46470399999614
27.46470399999614
27.46470399999614
27.46470399999614
27.46470399999614
27.46470399999614
27.46470399999614
27.46470399999614
27.46470399999614
27.46470399999614
27.46470399999614
27.46470399999614
27.46470399999614
27.46470399999614
27.46470399999614
27.46470399999614
27.46470399999614
27.46470399999614
27.46470399999614
27.46470399999614
27.46470399999614
27.46470399999614
27.46470399999614
27.46470399999614
27.46470399999614
27.46470399999614
27.46470399999614
27.46470399999614
27.46470399999614
27.46470399999614
27.46470399999614
27.46470399999614
27.46470399999614
27.46470399999614
27.46470399999614
27.46470399999614
27.46470399999614
27.46470399999614
27.46470399999614
27.46470399999614
27.46470399999614
27.46470399999614
27.46470399999614
27.46470399999614
27.46470399999614
27.46470399999614
27.46470399999614
27.46470399999614
27.46470399999614
27.46470399999614
27.46470399999614
27.46470399999614
27.46470399999614
27.46470399999614
27.46470399999614
27.46470399999614
27.46470399999614
27.46470399999614
27.46470399999614
27.46470399999614
27.46470399999614
27.46470399999614
27.46470399999614
27.46470399999614
27.46470399999614
27.46470399999614
27.46470399999614
27.46470399999614
27.46470399999614
27.46470399999614
27.46470399999614
27.46470399999614
27.46470399999614
27.46470399999614
27.46470399999614
27.46470399999614
27.46470399999614
27.46470399999614
27.46470399999614
27.46470399999614
27.46470399999614
27.46470399999614
27.46470399999614
27.46470399999614
27.46470399999614
27.46470399999614
27.46470399999614
27.46470399999614
27.46470399999614
27.46470399999614
27.46470399999614
27.46470399999614
27.46470399999614
27.46470399999614
27.46470399999614
27.46470399999614
27.46470399999614
27.46470399999614
27.46470399999614
27.46470399999614
27.46470399999614
27.46470399999614
27.46470399999614
27.46470399999614
27.46470399999614
27.46470399999614
27.46470399999614
27.46470399999614
27.46470399999614
27.46470399999614
27.46470399999614
27.46470399999614
27.46470399999614
27.46470399999614
27.46470399999614
27.46470399999614
27.46470399999614
27.46470399999614
27.46470399999614
27.46470399999614
27.46470399999614
27.46470399999614
27.46470399999614
27.46470399999614
27.46470399999614
27.46470399999614
27.46470399999614
27.46470399999614
27.46470399999614
27.46470399999614
27.46470399999614
27.46470399999614
27.46470399999614
27.46470399999614
27.46470399999614
27.46470399999614
27.46470399999614
27.46470399999614
27.46470399999614
27.46470399999614
27.46470399999614
27.46470399999614
27.46470399999614
27.46470399999614
27.46470399999614
27.46470399999614
27.46470399999614
27.46470399999614
27.46470399999614
27.46470399999614
27.46470399999614
27.46470399999614
27.46470399999614
27.46470399999614
27.46470399999614
27.46470399999614
27.46470399999614
27.46470399999614
27.46470399999614
27.46470399999614
27.46470399999614
27.46470399999614
27.46470399999614
27.46470399999614
27.46470399999614
27.46470399999614
27.46470399999614
27.46470399999614
27.46470399999614
27.46470399999614
27.46470399999614
27.46470399999614
27.46470399999614
27.46470399999614
27.46470399999614
27.46470399999614
27.46470399999614
27.46470399999614
27.46470399999614
27.46470399999614
27.46470399999614
27.46470399999614
27.46470399999614
27.46470399999614
27.46470399999614
27.46470399999614
27.46470399999614
27.46470399999614
27.46470399999614
27.46470399999614
27.46470399999614
27.46470399999614
27.46470399999614
27.46470399999614
27.46470399999614
27.46470399999614
27.46470399999614
27.46470399999614
27.46470399999614
27.46470399999614
27.46470399999614
27.46470399999614
27.46470399999614
27.46470399999614
27.46470399999614
27.46470399999614
27.46470399999614
27.46470399999614
27.46470399999614
27.46470399999614
27.46470399999614
27.46470399999614
27.46470399999614
27.46470399999614
27.46470399999614
27.46470399999614
27.46470399999614
27.46470399999614
27.46470399999614
27.46470399999614
27.46470399999614
27.46470399999614
27.46470399999614
27.46470399999614
27.46470399999614
27.46470399999614
27.46470399999614
27.46470399999614
27.46470399999614
27.46470399999614
27.46470399999614
27.46470399999614
27.46470399999614
27.46470399999614
27.46470399999614
27.46470399999614
27.46470399999614
27.46470399999614
27.46470399999614
27.46470399999614
27.46470399999614
27.46470399999614
27.46470399999614
27.46470399999614
27.46470399999614
27.46470399999614
27.46470399999614
27.46470399999614
27.46470399999614
27.46470399999614
27.46470399999614
27.46470399999614
27.46470399999614
27.46470399999614
27.46470399999614
27.46470399999614
27.46470399999614
27.46470399999614
27.46470399999614
27.46470399999614
27.46470399999614
27.46470399999614
27.46470399999614
27.46470399999614
27.46470399999614
27.46470399999614
27.46470399999614
27.46470399999614
27.46470399999614
27.46470399999614
27.46470399999614
27.46470399999614
27.46470399999614
27.46470399999614
27.46470399999614
27.46470399999614
27.46470399999614
27.46470399999614
27.46470399999614
27.46470399999614
27.46470399999614
27.46470399999614
27.46470399999614
27.46470399999614
27.46470399999614
27.46470399999614
27.46470399999614
27.46470399999614
27.46470399999614
27.46470399999614
27.46470399999614
27.46470399999614
27.46470399999614
27.46470399999614
27.46470399999614
27.46470399999614
27.46470399999614
27.46470399999614
27.46470399999614
27.46470399999614
27.46470399999614
27.46470399999614
27.46470399999614
27.46470399999614
27.46470399999614
27.46470399999614
27.46470399999614
27.46470399999614
27.46470399999614
27.46470399999614
27.46470399999614
27.46470399999614
27.46470399999614
27.46470399999614
27.46470399999614
27.46470399999614
27.46470399999614
27.46470399999614
27.46470399999614
27.46470399999614
27.46470399999614
27.46470399999614
27.46470399999614
27.46470399999614
27.46470399999614
27.46470399999614
27.46470399999614
27.46470399999614
27.46470399999614
27.46470399999614
27.46470399999614
27.46470399999614
27.46470399999614
27.46470399999614
27.46470399999614
27.46470399999614
27.46470399999614
27.46470399999614
27.46470399999614
27.46470399999614
27.46470399999614
27.46470399999614
27.46470399999614
27.46470399999614
27.46470399999614
27.46470399999614
27.46470399999614
27.46470399999614
27.46470399999614
27.46470399999614
27.46470399999614
27.46470399999614
27.46470399999614
27.46470399999614
27.46470399999614
27.46470399999614
27.46470399999614
27.46470399999614
27.46470399999614
27.46470399999614
27.46470399999614
27.46470399999614
27.46470399999614
27.46470399999614
27.46470399999614
27.46470399999614
27.46470399999614
27.46470399999614
27.46470399999614
27.46470399999614
27.46470399999614
27.46470399999614
27.46470399999614
27.46470399999614
27.46470399999614
27.46470399999614
27.46470399999614
27.46470399999614
27.46470399999614
27.46470399999614
27.46470399999614
27.46470399999614
27.46470399999614
27.46470399999614
27.46470399999614
27.46470399999614
27.46470399999614
27.46470399999614
27.46470399999614
27.46470399999614
27.46470399999614
27.46470399999614
27.46470399999614
27.46470399999614
27.46470399999614
27.46470399999614
27.46470399999614
27.46470399999614
27.46470399999614
27.46470399999614
27.46470399999614
27.46470399999614
27.46470399999614
27.46470399999614
27.46470399999614
27.46470399999614
27.46470399999614
27.46470399999614
27.46470399999614
27.46470399999614
27.46470399999614
27.46470399999614
27.46470399999614
27.46470399999614
27.46470399999614
27.46470399999614
27.46470399999614
27.46470399999614
27.46470399999614
27.46470399999614
27.46470399999614
27.46470399999614
27.46470399999614
27.46470399999614
27.46470399999614
27.46470399999614
27.46470399999614
27.46470399999614
27.46470399999614
27.46470399999614
27.46470399999614
27.46470399999614
27.46470399999614
27.46470399999614
27.46470399999614
27.46470399999614
27.46470399999614
27.46470399999614
27.46470399999614
27.46470399999614
27.46470399999614
27.46470399999614
27.46470399999614
27.46470399999614
27.46470399999614
27.46470399999614
27.46470399999614
27.46470399999614
27.46470399999614
27.46470399999614
27.46470399999614
27.46470399999614
27.46470399999614
27.46470399999614
27.46470399999614
27.46470399999614
27.46470399999614
27.46470399999614
27.46470399999614
27.46470399999614
27.46470399999614
27.46470399999614
27.46470399999614
27.46470399999614
27.46470399999614
27.46470399999614
27.46470399999614
27.46470399999614
27.46470399999614
27.46470399999614
27.46470399999614
27.46470399999614
27.46470399999614
27.46470399999614
27.46470399999614
27.46470399999614
27.46470399999614
27.46470399999614
27.46470399999614
27.46470399999614
27.46470399999614
27.46470399999614
27.46470399999614
27.46470399999614
27.46470399999614
27.46470399999614
27.46470399999614
27.46470399999614
27.46470399999614
27.46470399999614
27.46470399999614
27.46470399999614
27.46470399999614
27.46470399999614
27.46470399999614
27.46470399999614
27.46470399999614
27.46470399999614
27.46470399999614
27.46470399999614
27.46470399999614
27.46470399999614
27.46470399999614
27.46470399999614
27.46470399999614
27.46470399999614
27.46470399999614
27.46470399999614
27.46470399999614
27.46470399999614
27.46470399999614
27.46470399999614
27.46470399999614
27.46470399999614
27.46470399999614
27.46470399999614
27.46470399999614
27.46470399999614
27.46470399999614
27.46470399999614
27.46470399999614
27.46470399999614
27.46470399999614
27.46470399999614
27.46470399999614
27.46470399999614
27.46470399999614
27.46470399999614
27.46470399999614
27.46470399999614
27.46470399999614
27.46470399999614
27.46470399999614
27.46470399999614
27.46470399999614
27.46470399999614
27.46470399999614
27.46470399999614
27.46470399999614
27.46470399999614
27.46470399999614
27.46470399999614
27.46470399999614
27.46470399999614
27.46470399999614
27.46470399999614
27.46470399999614
27.46470399999614
27.46470399999614
27.46470399999614
27.46470399999614
27.46470399999614
27.46470399999614
27.46470399999614
27.46470399999614
27.46470399999614
27.46470399999614
27.46470399999614
27.46470399999614
27.46470399999614
27.46470399999614
27.46470399999614
27.46470399999614
27.46470399999614
27.46470399999614
27.46470399999614
27.46470399999614
27.46470399999614
27.46470399999614
27.46470399999614
27.46470399999614
27.46470399999614
27.46470399999614
27.46470399999614
27.46470399999614
27.46470399999614
27.46470399999614
27.46470399999614
27.46470399999614
27.46470399999614
27.46470399999614
27.46470399999614
27.46470399999614
27.46470399999614
27.46470399999614
27.46470399999614
27.46470399999614
27.46470399999614
27.46470399999614
27.46470399999614
27.46470399999614
27.46470399999614
27.46470399999614
27.46470399999614
27.46470399999614
27.46470399999614
27.46470399999614
27.46470399999614
27.46470399999614
27.46470399999614
27.46470399999614
27.46470399999614
27.46470399999614
27.46470399999614
27.46470399999614
27.46470399999614
27.46470399999614
27.46470399999614
27.46470399999614
27.46470399999614
27.46470399999614
27.46470399999614
27.46470399999614
27.46470399999614
27.46470399999614
27.46470399999614
27.46470399999614
27.46470399999614
27.46470399999614
27.46470399999614
27.46470399999614
27.46470399999614
27.46470399999614
27.46470399999614
27.46470399999614
27.46470399999614
27.46470399999614
27.46470399999614
27.46470399999614
27.46470399999614
27.46470399999614
27.46470399999614
27.46470399999614
27.46470399999614
27.46470399999614
27.46470399999614
27.46470399999614
27.46470399999614
27.46470399999614
27.46470399999614
27.46470399999614
27.46470399999614
27.46470399999614
27.46470399999614
27.46470399999614
27.46470399999614
27.46470399999614
27.46470399999614
27.46470399999614
27.46470399999614
27.46470399999614
27.46470399999614
27.46470399999614
27.46470399999614
27.46470399999614
27.46470399999614
27.46470399999614
27.46470399999614
27.46470399999614
27.46470399999614
27.46470399999614
27.46470399999614
27.46470399999614
27.46470399999614
27.46470399999614
27.46470399999614
27.46470399999614
27.46470399999614
27.46470399999614
27.46470399999614
27.46470399999614
27.46470399999614
27.46470399999614
27.46470399999614
27.46470399999614
27.46470399999614
27.46470399999614
27.46470399999614
27.46470399999614
27.46470399999614
27.46470399999614
27.46470399999614
27.46470399999614
27.46470399999614
27.46470399999614
27.46470399999614
27.46470399999614
27.46470399999614
27.46470399999614
27.46470399999614
27.46470399999614
27.46470399999614
27.46470399999614
27.46470399999614
27.46470399999614
27.46470399999614
27.46470399999614
27.46470399999614
27.46470399999614
27.46470399999614
27.46470399999614
27.46470399999614
27.46470399999614
27.46470399999614
27.46470399999614
27.46470399999614
27.46470399999614
27.46470399999614
27.46470399999614
27.46470399999614
27.46470399999614
27.46470399999614
27.46470399999614
27.46470399999614
27.46470399999614
27.46470399999614
27.46470399999614
27.46470399999614
27.46470399999614
27.46470399999614
27.46470399999614
27.46470399999614
27.46470399999614
27.46470399999614
27.46470399999614
27.46470399999614
27.46470399999614
27.46470399999614
27.46470399999614
27.46470399999614
27.46470399999614
27.46470399999614
27.46470399999614
27.46470399999614
27.46470399999614
27.46470399999614
27.46470399999614
27.46470399999614
27.46470399999614
27.46470399999614
27.46470399999614
27.46470399999614
27.46470399999614
27.46470399999614
27.46470399999614
27.46470399999614
27.46470399999614
27.46470399999614
27.46470399999614
27.46470399999614
27.46470399999614
27.46470399999614
27.46470399999614
27.46470399999614
27.46470399999614
27.46470399999614
27.46470399999614
27.46470399999614
27.46470399999614
27.46470399999614
27.46470399999614
27.46470399999614
27.46470399999614
27.46470399999614
27.46470399999614
27.46470399999614
27.46470399999614
27.46470399999614
27.46470399999614
27.46470399999614
27.46470399999614
27.46470399999614
27.46470399999614
27.46470399999614
27.46470399999614
27.46470399999614
27.46470399999614
27.46470399999614
27.46470399999614
27.46470399999614
27.46470399999614
27.46470399999614
27.46470399999614
27.46470399999614
27.46470399999614
27.46470399999614
27.46470399999614
27.46470399999614
27.46470399999614
27.46470399999614
27.46470399999614
27.46470399999614
27.46470399999614
27.46470399999614
27.46470399999614
27.46470399999614
27.46470399999614
27.46470399999614
27.46470399999614
27.46470399999614
27.46470399999614
27.46470399999614
27.46470399999614
27.46470399999614
27.46470399999614
27.46470399999614
27.46470399999614
27.46470399999614
27.46470399999614
27.46470399999614
27.46470399999614
27.46470399999614
27.46470399999614
27.46470399999614
27.46470399999614
27.46470399999614
27.46470399999614
27.46470399999614
27.46470399999614
27.46470399999614
27.46470399999614
27.46470399999614
27.46470399999614
27.46470399999614
27.46470399999614
27.46470399999614
27.46470399999614
27.46470399999614
27.46470399999614
27.46470399999614
27.46470399999614
27.46470399999614
27.46470399999614
27.46470399999614
27.46470399999614
27.46470399999614
27.46470399999614
27.46470399999614
27.46470399999614
27.46470399999614
27.46470399999614
27.46470399999614
27.46470399999614
27.46470399999614
27.46470399999614
27.46470399999614
27.46470399999614
27.46470399999614
27.46470399999614
27.46470399999614
27.46470399999614
27.46470399999614
27.46470399999614
27.46470399999614
27.46470399999614
27.46470399999614
27.46470399999614
27.46470399999614
27.46470399999614
27.46470399999614
27.46470399999614
27.46470399999614
27.46470399999614
27.46470399999614
27.46470399999614
27.46470399999614
27.46470399999614
27.46470399999614
27.46470399999614
27.46470399999614
27.46470399999614
27.46470399999614
27.46470399999614
27.46470399999614
27.46470399999614
27.46470399999614
27.46470399999614
27.46470399999614
27.46470399999614
27.46470399999614
27.46470399999614
27.46470399999614
27.46470399999614
27.46470399999614
27.46470399999614
27.46470399999614
27.46470399999614
27.46470399999614
27.46470399999614
27.46470399999614
27.46470399999614
27.46470399999614
27.46470399999614
27.46470399999614
27.46470399999614
27.46470399999614
27.46470399999614
27.46470399999614
27.46470399999614
27.46470399999614
27.46470399999614
27.46470399999614
27.46470399999614
27.46470399999614
27.46470399999614
27.46470399999614
27.46470399999614
27.46470399999614
27.46470399999614
27.46470399999614
27.46470399999614
27.46470399999614
27.46470399999614
27.46470399999614
27.46470399999614
27.46470399999614
27.46470399999614
27.46470399999614
27.46470399999614
27.46470399999614
27.46470399999614
27.46470399999614
27.46470399999614
27.46470399999614
27.46470399999614
27.46470399999614
27.46470399999614
27.46470399999614
27.46470399999614
27.46470399999614
27.46470399999614
27.46470399999614
27.46470399999614
27.46470399999614
27.46470399999614
27.46470399999614
27.46470399999614
27.46470399999614
27.46470399999614
27.46470399999614
27.46470399999614
27.46470399999614
27.46470399999614
27.46470399999614
27.46470399999614
27.46470399999614
27.46470399999614
27.46470399999614
27.46470399999614
27.46470399999614
27.46470399999614
27.46470399999614
27.46470399999614
27.46470399999614
27.46470399999614
27.46470399999614
27.46470399999614
27.46470399999614
27.46470399999614
27.46470399999614
27.46470399999614
27.46470399999614
27.46470399999614
27.46470399999614
27.46470399999614
27.46470399999614
27.46470399999614
27.46470399999614
27.46470399999614
27.46470399999614
27.46470399999614
27.46470399999614
27.46470399999614
27.46470399999614
27.46470399999614
27.46470399999614
27.46470399999614
27.46470399999614
27.46470399999614
27.46470399999614
27.46470399999614
27.46470399999614
27.46470399999614
27.46470399999614
27.46470399999614
27.46470399999614
27.46470399999614
27.46470399999614
27.46470399999614
27.46470399999614
27.46470399999614
27.46470399999614
27.46470399999614
27.46470399999614
27.46470399999614
27.46470399999614
27.46470399999614
27.46470399999614
27.46470399999614
27.46470399999614
27.46470399999614
27.46470399999614
27.46470399999614
27.46470399999614
27.46470399999614
27.46470399999614
27.46470399999614
27.46470399999614
27.46470399999614
27.46470399999614
27.46470399999614
27.46470399999614
27.46470399999614
27.46470399999614
27.46470399999614
27.46470399999614
27.46470399999614
27.46470399999614
27.46470399999614
27.46470399999614
27.46470399999614
27.46470399999614
27.46470399999614
27.46470399999614
27.46470399999614
27.46470399999614
27.46470399999614
27.46470399999614
27.46470399999614
27.46470399999614
27.46470399999614
27.46470399999614
27.46470399999614
27.46470399999614
27.46470399999614
27.46470399999614
27.46470399999614
27.46470399999614
27.46470399999614
27.46470399999614
27.46470399999614
27.46470399999614
27.46470399999614
27.46470399999614
27.46470399999614
27.46470399999614
27.46470399999614
27.46470399999614
27.46470399999614
27.46470399999614
27.46470399999614
27.46470399999614
27.46470399999614
27.46470399999614
27.46470399999614
27.46470399999614
27.46470399999614
27.46470399999614
27.46470399999614
27.46470399999614
27.46470399999614
27.46470399999614
27.46470399999614
27.46470399999614
27.46470399999614
27.46470399999614
27.46470399999614
27.46470399999614
27.46470399999614
27.46470399999614
27.46470399999614
27.46470399999614
27.46470399999614
27.46470399999614
27.46470399999614
27.46470399999614
27.46470399999614
27.46470399999614
27.46470399999614
27.46470399999614
27.46470399999614
27.46470399999614
27.46470399999614
27.46470399999614
27.46470399999614
27.46470399999614
27.46470399999614
27.46470399999614
27.46470399999614
27.46470399999614
27.46470399999614
27.46470399999614
27.46470399999614
27.46470399999614
27.46470399999614
27.46470399999614
27.46470399999614
27.46470399999614
27.46470399999614
27.46470399999614
27.46470399999614
27.46470399999614
27.46470399999614
27.46470399999614
27.46470399999614
27.46470399999614
27.46470399999614
27.46470399999614
27.46470399999614
27.46470399999614
27.46470399999614
27.46470399999614
27.46470399999614
27.46470399999614
27.46470399999614
27.46470399999614
27.46470399999614
27.46470399999614
27.46470399999614
27.46470399999614
27.46470399999614
27.46470399999614
27.46470399999614
27.46470399999614
27.46470399999614
27.46470399999614
27.46470399999614
27.46470399999614
27.46470399999614
27.46470399999614
27.46470399999614
27.46470399999614
27.46470399999614
27.46470399999614
27.46470399999614
27.46470399999614
27.46470399999614
27.46470399999614
27.46470399999614
27.46470399999614
27.46470399999614
27.46470399999614
27.46470399999614
27.46470399999614
27.46470399999614
27.46470399999614
27.46470399999614
27.46470399999614
27.46470399999614
27.46470399999614
27.46470399999614
27.46470399999614
27.46470399999614
27.46470399999614
27.46470399999614
27.46470399999614
27.46470399999614
27.46470399999614
27.46470399999614
27.46470399999614
27.46470399999614
27.46470399999614
27.46470399999614
27.46470399999614
27.46470399999614
27.46470399999614
27.46470399999614
27.46470399999614
27.46470399999614
27.46470399999614
27.46470399999614
27.46470399999614
27.46470399999614
27.46470399999614
27.46470399999614
27.46470399999614
27.46470399999614
27.46470399999614
27.46470399999614
27.46470399999614
27.46470399999614
27.46470399999614
27.46470399999614
27.46470399999614
27.46470399999614
27.46470399999614
27.46470399999614
27.46470399999614
27.46470399999614
27.46470399999614
27.46470399999614
27.46470399999614
27.46470399999614
27.46470399999614
27.46470399999614
27.46470399999614
27.46470399999614
27.46470399999614
27.46470399999614
27.46470399999614
27.46470399999614
27.46470399999614
27.46470399999614
27.46470399999614
27.46470399999614
27.46470399999614
27.46470399999614
27.46470399999614
27.46470399999614
27.46470399999614
27.46470399999614
27.46470399999614
27.46470399999614
27.46470399999614
27.46470399999614
27.46470399999614
27.46470399999614
27.46470399999614
27.46470399999614
27.46470399999614
27.46470399999614
27.46470399999614
27.46470399999614
27.46470399999614
27.46470399999614
27.46470399999614
27.46470399999614
27.46470399999614
27.46470399999614
27.46470399999614
27.46470399999614
27.46470399999614
27.46470399999614
27.46470399999614
27.46470399999614
27.46470399999614
27.46470399999614
27.46470399999614
27.46470399999614
27.46470399999614
27.46470399999614
27.46470399999614
27.46470399999614
27.46470399999614
27.46470399999614
27.46470399999614
27.46470399999614
27.46470399999614
27.46470399999614
27.46470399999614
27.46470399999614
27.46470399999614
27.46470399999614
27.46470399999614
27.46470399999614
27.46470399999614
27.46470399999614
27.46470399999614
27.46470399999614
27.46470399999614
27.46470399999614
27.46470399999614
27.46470399999614
27.46470399999614
27.46470399999614
27.46470399999614
27.46470399999614
27.46470399999614
27.46470399999614
27.46470399999614
27.46470399999614
27.46470399999614
27.46470399999614
27.46470399999614
27.46470399999614
27.46470399999614
27.46470399999614
27.46470399999614
27.46470399999614
27.46470399999614
27.46470399999614
27.46470399999614
27.46470399999614
27.46470399999614
27.46470399999614
27.46470399999614
27.46470399999614
27.46470399999614
27.46470399999614
27.46470399999614
27.46470399999614
27.46470399999614
27.46470399999614
27.46470399999614
27.46470399999614
27.46470399999614
27.46470399999614
27.46470399999614
27.46470399999614
27.46470399999614
27.46470399999614
27.46470399999614
27.46470399999614
27.46470399999614
27.46470399999614
27.46470399999614
27.46470399999614
27.46470399999614
27.46470399999614
27.46470399999614
27.46470399999614
27.46470399999614
27.46470399999614
27.46470399999614
27.46470399999614
27.46470399999614
27.46470399999614
27.46470399999614
27.46470399999614
27.46470399999614
27.46470399999614
27.46470399999614
27.46470399999614
27.46470399999614
27.46470399999614
27.46470399999614
27.46470399999614
27.46470399999614
27.46470399999614
27.46470399999614
27.46470399999614
27.46470399999614
27.46470399999614
27.46470399999614
27.46470399999614
27.46470399999614
27.46470399999614
27.46470399999614
27.46470399999614
27.46470399999614
27.46470399999614
27.46470399999614
27.46470399999614
27.46470399999614
27.46470399999614
27.46470399999614
27.46470399999614
27.46470399999614
27.46470399999614
27.46470399999614
27.46470399999614
27.46470399999614
27.46470399999614
27.46470399999614
27.46470399999614
27.46470399999614
27.46470399999614
27.46470399999614
27.46470399999614
27.46470399999614
27.46470399999614
27.46470399999614
27.46470399999614
27.46470399999614
27.46470399999614
27.46470399999614
27.46470399999614
27.46470399999614
27.46470399999614
27.46470399999614
27.46470399999614
27.46470399999614
27.46470399999614
27.46470399999614
27.46470399999614
27.46470399999614
27.46470399999614
27.46470399999614
27.46470399999614
27.46470399999614
27.46470399999614
27.46470399999614
27.46470399999614
27.46470399999614
27.46470399999614
27.46470399999614
27.46470399999614
27.46470399999614
27.46470399999614
27.46470399999614
27.46470399999614
27.46470399999614
27.46470399999614
27.46470399999614
27.46470399999614
27.46470399999614
27.46470399999614
27.46470399999614
27.46470399999614
27.46470399999614
27.46470399999614
27.46470399999614
27.46470399999614
27.46470399999614
27.46470399999614
27.46470399999614
27.46470399999614
27.46470399999614
27.46470399999614
27.46470399999614
27.46470399999614
27.46470399999614
27.46470399999614
27.46470399999614
27.46470399999614
27.46470399999614
27.46470399999614
27.46470399999614
27.46470399999614
27.46470399999614
27.46470399999614
27.46470399999614
27.46470399999614
27.46470399999614
27.46470399999614
27.46470399999614
27.46470399999614
27.46470399999614
27.46470399999614
27.46470399999614
27.46470399999614
27.46470399999614
27.46470399999614
27.46470399999614
27.46470399999614
27.46470399999614
27.46470399999614
27.46470399999614
27.46470399999614
27.46470399999614
27.46470399999614
27.46470399999614
27.46470399999614
27.46470399999614
27.46470399999614
27.46470399999614
27.46470399999614
27.46470399999614
27.46470399999614
27.46470399999614
27.46470399999614
27.46470399999614
27.46470399999614
27.46470399999614
27.46470399999614
27.46470399999614
27.46470399999614
27.46470399999614
27.46470399999614
27.46470399999614
27.46470399999614
27.46470399999614
27.46470399999614
27.46470399999614
27.46470399999614
27.46470399999614
27.46470399999614
27.46470399999614
27.46470399999614
27.46470399999614
27.46470399999614
27.46470399999614
27.46470399999614
27.46470399999614
27.46470399999614
27.46470399999614
27.46470399999614
27.46470399999614
27.46470399999614
27.46470399999614
27.46470399999614
27.46470399999614
27.46470399999614
27.46470399999614
27.46470399999614
27.46470399999614
27.46470399999614
27.46470399999614
27.46470399999614
27.46470399999614
27.46470399999614
27.46470399999614
27.46470399999614
27.46470399999614
27.46470399999614
27.46470399999614
27.46470399999614
27.46470399999614
27.46470399999614
27.46470399999614
27.46470399999614
27.46470399999614
27.46470399999614
27.46470399999614
27.46470399999614
27.46470399999614
27.46470399999614
27.46470399999614
27.46470399999614
27.46470399999614
27.46470399999614
27.46470399999614
27.46470399999614
27.46470399999614
27.46470399999614
27.46470399999614
27.46470399999614
27.46470399999614
27.46470399999614
27.46470399999614
27.46470399999614
27.46470399999614
27.46470399999614
27.46470399999614
27.46470399999614
27.46470399999614
27.46470399999614
27.46470399999614
27.46470399999614
27.46470399999614
27.46470399999614
27.46470399999614
27.46470399999614
27.46470399999614
27.46470399999614
27.46470399999614
27.46470399999614
27.46470399999614
27.46470399999614
27.46470399999614
27.46470399999614
27.46470399999614
27.46470399999614
27.46470399999614
27.46470399999614
27.46470399999614
27.46470399999614
27.46470399999614
27.46470399999614
27.46470399999614
27.46470399999614
27.46470399999614
27.46470399999614
27.46470399999614
27.46470399999614
27.46470399999614
27.46470399999614
27.46470399999614
27.46470399999614
27.46470399999614
27.46470399999614
27.46470399999614
27.46470399999614
27.46470399999614
27.46470399999614
27.46470399999614
27.46470399999614
27.46470399999614
27.46470399999614
27.46470399999614
27.46470399999614
27.46470399999614
27.46470399999614
27.46470399999614
27.46470399999614
27.46470399999614
27.46470399999614
27.46470399999614
27.46470399999614
27.46470399999614
27.46470399999614
27.46470399999614
27.46470399999614
27.46470399999614
27.46470399999614
27.46470399999614
27.46470399999614
27.46470399999614
27.46470399999614
27.46470399999614
27.46470399999614
27.46470399999614
27.46470399999614
27.46470399999614
27.46470399999614
27.46470399999614
27.46470399999614
27.46470399999614
27.46470399999614
27.46470399999614
27.46470399999614
27.46470399999614
27.46470399999614
27.46470399999614
27.46470399999614
27.46470399999614
27.46470399999614
27.46470399999614
27.46470399999614
27.46470399999614
27.46470399999614
27.46470399999614
27.46470399999614
27.46470399999614
27.46470399999614
27.46470399999614
27.46470399999614
27.46470399999614
27.46470399999614
27.46470399999614
27.46470399999614
27.46470399999614
27.46470399999614
27.46470399999614
27.46470399999614
27.46470399999614
27.46470399999614
27.46470399999614
27.46470399999614
27.46470399999614
27.46470399999614
27.46470399999614
27.46470399999614
27.46470399999614
27.46470399999614
27.46470399999614
27.46470399999614
27.46470399999614
27.46470399999614
27.46470399999614
27.46470399999614
27.46470399999614
27.46470399999614
27.46470399999614
27.46470399999614
27.46470399999614
27.46470399999614
27.46470399999614
27.46470399999614
27.46470399999614
27.46470399999614
27.46470399999614
27.46470399999614
27.46470399999614
27.46470399999614
27.46470399999614
27.46470399999614
27.46470399999614
27.46470399999614
27.46470399999614
27.46470399999614
27.46470399999614
27.46470399999614
27.46470399999614
27.46470399999614
27.46470399999614
27.46470399999614
27.46470399999614
27.46470399999614
27.46470399999614
27.46470399999614
27.46470399999614
27.46470399999614
27.46470399999614
27.46470399999614
27.46470399999614
27.46470399999614
27.46470399999614
27.46470399999614
27.46470399999614
27.46470399999614
27.46470399999614
27.46470399999614
27.46470399999614
27.46470399999614
27.46470399999614
27.46470399999614
27.46470399999614
27.46470399999614
27.46470399999614
27.46470399999614
27.46470399999614
27.46470399999614
27.46470399999614
27.46470399999614
27.46470399999614
27.46470399999614
27.46470399999614
27.46470399999614
27.46470399999614
27.46470399999614
27.46470399999614
27.46470399999614
27.46470399999614
27.46470399999614
27.46470399999614
27.46470399999614
27.46470399999614
27.46470399999614
27.46470399999614
27.46470399999614
27.46470399999614
27.46470399999614
27.46470399999614
27.46470399999614
27.46470399999614
27.46470399999614
27.46470399999614
27.46470399999614
27.46470399999614
27.46470399999614
27.46470399999614
27.46470399999614
27.46470399999614
27.46470399999614
27.46470399999614
27.46470399999614
27.46470399999614
27.46470399999614
27.46470399999614
27.46470399999614
27.46470399999614
27.46470399999614
27.46470399999614
27.46470399999614
27.46470399999614
27.46470399999614
27.46470399999614
27.46470399999614
27.46470399999614
27.46470399999614
27.46470399999614
27.46470399999614
27.46470399999614
27.46470399999614
27.46470399999614
27.46470399999614
27.46470399999614
27.46470399999614
27.46470399999614
27.46470399999614
27.46470399999614
27.46470399999614
27.46470399999614
27.46470399999614
27.46470399999614
27.46470399999614
27.46470399999614
27.46470399999614
27.46470399999614
27.46470399999614
27.46470399999614
27.46470399999614
27.46470399999614
27.46470399999614
27.46470399999614
27.46470399999614
27.46470399999614
27.46470399999614
27.46470399999614
27.46470399999614
27.46470399999614
27.46470399999614
27.46470399999614
27.46470399999614
27.46470399999614
27.46470399999614
27.46470399999614
27.46470399999614
27.46470399999614
27.46470399999614
27.46470399999614
27.46470399999614
27.46470399999614
27.46470399999614
27.46470399999614
27.46470399999614
27.46470399999614
27.46470399999614
27.46470399999614
27.46470399999614
27.46470399999614
27.46470399999614
27.46470399999614
27.46470399999614
27.46470399999614
27.46470399999614
27.46470399999614
27.46470399999614
27.46470399999614
27.46470399999614
27.46470399999614
27.46470399999614
27.46470399999614
27.46470399999614
27.46470399999614
27.46470399999614
27.46470399999614
27.46470399999614
27.46470399999614
27.46470399999614
27.46470399999614
27.46470399999614
27.46470399999614
27.46470399999614
27.46470399999614
27.46470399999614
27.46470399999614
27.46470399999614
27.46470399999614
27.46470399999614
27.46470399999614
27.46470399999614
27.46470399999614
27.46470399999614
27.46470399999614
27.46470399999614
27.46470399999614
27.46470399999614
27.46470399999614
27.46470399999614
27.46470399999614
27.46470399999614
27.46470399999614
27.46470399999614
27.46470399999614
27.46470399999614
27.46470399999614
27.46470399999614
27.46470399999614
27.46470399999614
27.46470399999614
27.46470399999614
27.46470399999614
27.46470399999614
27.46470399999614
27.46470399999614
27.46470399999614
27.46470399999614
27.46470399999614
27.46470399999614
27.46470399999614
27.46470399999614
27.46470399999614
27.46470399999614
27.46470399999614
27.46470399999614
27.46470399999614
27.46470399999614
27.46470399999614
27.46470399999614
27.46470399999614
27.46470399999614
27.46470399999614
27.46470399999614
27.46470399999614
27.46470399999614
27.46470399999614
27.46470399999614
27.46470399999614
27.46470399999614
27.46470399999614
27.46470399999614
27.46470399999614
27.46470399999614
27.46470399999614
27.46470399999614
27.46470399999614
27.46470399999614
27.46470399999614
27.46470399999614
27.46470399999614
27.46470399999614
27.46470399999614
27.46470399999614
27.46470399999614
27.46470399999614
27.46470399999614
27.46470399999614
27.46470399999614
27.46470399999614
27.46470399999614
27.46470399999614
27.46470399999614
27.46470399999614
27.46470399999614
27.46470399999614
27.46470399999614
27.46470399999614
27.46470399999614
27.46470399999614
27.46470399999614
27.46470399999614
27.46470399999614
27.46470399999614
27.46470399999614
27.46470399999614
27.46470399999614
27.46470399999614
27.46470399999614
27.46470399999614
27.46470399999614
27.46470399999614
27.46470399999614
27.46470399999614
27.46470399999614
27.46470399999614
27.46470399999614
27.46470399999614
27.46470399999614
27.46470399999614
27.46470399999614
27.46470399999614
27.46470399999614
27.46470399999614
27.46470399999614
27.46470399999614
27.46470399999614
27.46470399999614
27.46470399999614
27.46470399999614
27.46470399999614
27.46470399999614
27.46470399999614
27.46470399999614
27.46470399999614
27.46470399999614
27.46470399999614
27.46470399999614
27.46470399999614
27.46470399999614
27.46470399999614
27.46470399999614
27.46470399999614
27.46470399999614
27.46470399999614
27.46470399999614
27.46470399999614
27.46470399999614
27.46470399999614
27.46470399999614
27.46470399999614
27.46470399999614
27.46470399999614
27.46470399999614
27.46470399999614
27.46470399999614
27.46470399999614
27.46470399999614
27.46470399999614
27.46470399999614
27.46470399999614
27.46470399999614
27.46470399999614
27.46470399999614
27.46470399999614
27.46470399999614
27.46470399999614
27.46470399999614
27.46470399999614
27.46470399999614
27.46470399999614
27.46470399999614
27.46470399999614
27.46470399999614
27.46470399999614
27.46470399999614
27.46470399999614
27.46470399999614
27.46470399999614
27.46470399999614
27.46470399999614
27.46470399999614
27.46470399999614
27.46470399999614
27.46470399999614
27.46470399999614
27.46470399999614
27.46470399999614
27.46470399999614
27.46470399999614
27.46470399999614
27.46470399999614
27.46470399999614
27.46470399999614
27.46470399999614
27.46470399999614
27.46470399999614
27.46470399999614
27.46470399999614
27.46470399999614
27.46470399999614
27.46470399999614
27.46470399999614
27.46470399999614
27.46470399999614
27.46470399999614
27.46470399999614
27.46470399999614
27.46470399999614
27.46470399999614
27.46470399999614
27.46470399999614
27.46470399999614
27.46470399999614
27.46470399999614
27.46470399999614
27.46470399999614
27.46470399999614
27.46470399999614
27.46470399999614
27.46470399999614
27.46470399999614
27.46470399999614
27.46470399999614
27.46470399999614
27.46470399999614
27.46470399999614
27.46470399999614
27.46470399999614
27.46470399999614
27.46470399999614
27.46470399999614
27.46470399999614
27.46470399999614
27.46470399999614
27.46470399999614
27.46470399999614
27.46470399999614
27.46470399999614
27.46470399999614
27.46470399999614
27.46470399999614
27.46470399999614
27.46470399999614
27.46470399999614
27.46470399999614
27.46470399999614
27.46470399999614
27.46470399999614
27.46470399999614
27.46470399999614
27.46470399999614
27.46470399999614
27.46470399999614
27.46470399999614
27.46470399999614
27.46470399999614
27.46470399999614
27.46470399999614
27.46470399999614
27.46470399999614
27.46470399999614
27.46470399999614
27.46470399999614
27.46470399999614
27.46470399999614
27.46470399999614
27.46470399999614
27.46470399999614
27.46470399999614
27.46470399999614
27.46470399999614
27.46470399999614
27.46470399999614
27.46470399999614
27.46470399999614
27.46470399999614
27.46470399999614
27.46470399999614
27.46470399999614
27.46470399999614
27.46470399999614
27.46470399999614
27.46470399999614
27.46470399999614
27.46470399999614
27.46470399999614
27.46470399999614
27.46470399999614
27.46470399999614
27.46470399999614
27.46470399999614
27.46470399999614
27.46470399999614
27.46470399999614
27.46470399999614
27.46470399999614
27.46470399999614
27.46470399999614
27.46470399999614
27.46470399999614
27.46470399999614
27.46470399999614
27.46470399999614
27.46470399999614
27.46470399999614
27.46470399999614
27.46470399999614
27.46470399999614
27.46470399999614
27.46470399999614
27.46470399999614
27.46470399999614
27.46470399999614
27.46470399999614
27.46470399999614
27.46470399999614
27.46470399999614
27.46470399999614
27.46470399999614
27.46470399999614
27.46470399999614
27.46470399999614
27.46470399999614
27.46470399999614
27.46470399999614
27.46470399999614
27.46470399999614
27.46470399999614
27.46470399999614
27.46470399999614
27.46470399999614
27.46470399999614
27.46470399999614
27.46470399999614
27.46470399999614
27.46470399999614
27.46470399999614
27.46470399999614
27.46470399999614
27.46470399999614
27.46470399999614
27.46470399999614
27.46470399999614
27.46470399999614
27.46470399999614
27.46470399999614
27.46470399999614
27.46470399999614
27.46470399999614
27.46470399999614
27.46470399999614
27.46470399999614
27.46470399999614
27.46470399999614
27.46470399999614
27.46470399999614
27.46470399999614
27.46470399999614
27.46470399999614
27.46470399999614
27.46470399999614
27.46470399999614
27.46470399999614
27.46470399999614
27.46470399999614
27.46470399999614
27.46470399999614
27.46470399999614
27.46470399999614
27.46470399999614
27.46470399999614
27.46470399999614
27.46470399999614
27.46470399999614
27.46470399999614
27.46470399999614
27.46470399999614
27.46470399999614
27.46470399999614
27.46470399999614
27.46470399999614
27.46470399999614
27.46470399999614
27.46470399999614
27.46470399999614
27.46470399999614
27.46470399999614
27.46470399999614
27.46470399999614
27.46470399999614
27.46470399999614
27.46470399999614
27.46470399999614
27.46470399999614
27.46470399999614
27.46470399999614
27.46470399999614
27.46470399999614
27.46470399999614
27.46470399999614
27.46470399999614
27.46470399999614
27.46470399999614
27.46470399999614
27.46470399999614
27.46470399999614
27.46470399999614
27.46470399999614
27.46470399999614
27.46470399999614
27.46470399999614
27.46470399999614
27.46470399999614
27.46470399999614
27.46470399999614
27.46470399999614
27.46470399999614
27.46470399999614
27.46470399999614
27.46470399999614
27.46470399999614
27.46470399999614
27.46470399999614
27.46470399999614
27.46470399999614
27.46470399999614
27.46470399999614
27.46470399999614
27.46470399999614
27.46470399999614
27.46470399999614
27.46470399999614
27.46470399999614
27.46470399999614
27.46470399999614
27.46470399999614
27.46470399999614
27.46470399999614
27.46470399999614
27.46470399999614
27.46470399999614
27.46470399999614
27.46470399999614
27.46470399999614
27.46470399999614
27.46470399999614
27.46470399999614
27.46470399999614
27.46470399999614
27.46470399999614
27.46470399999614
27.46470399999614
27.46470399999614
27.46470399999614
27.46470399999614
27.46470399999614
27.46470399999614
27.46470399999614
27.46470399999614
27.46470399999614
27.46470399999614
27.46470399999614
27.46470399999614
27.46470399999614
27.46470399999614
27.46470399999614
27.46470399999614
27.46470399999614
27.46470399999614
27.46470399999614
27.46470399999614
27.46470399999614
27.46470399999614
27.46470399999614
27.46470399999614
27.46470399999614
27.46470399999614
27.46470399999614
27.46470399999614
27.46470399999614
27.46470399999614
27.46470399999614
27.46470399999614
27.46470399999614
27.46470399999614
27.46470399999614
27.46470399999614
27.46470399999614
27.46470399999614
27.46470399999614
27.46470399999614
27.46470399999614
27.46470399999614
27.46470399999614
27.46470399999614
27.46470399999614
27.46470399999614
27.46470399999614
27.46470399999614
27.46470399999614
27.46470399999614
27.46470399999614
27.46470399999614
27.46470399999614
27.46470399999614
27.46470399999614
27.46470399999614
27.46470399999614
27.46470399999614
27.46470399999614
27.46470399999614
27.46470399999614
27.46470399999614
27.46470399999614
27.46470399999614
27.46470399999614
27.46470399999614
27.46470399999614
27.46470399999614
27.46470399999614
27.46470399999614
27.46470399999614
27.46470399999614
27.46470399999614
27.46470399999614
27.46470399999614
27.46470399999614
27.46470399999614
27.46470399999614
27.46470399999614
27.46470399999614
27.46470399999614
27.46470399999614
27.46470399999614
27.46470399999614
27.46470399999614
27.46470399999614
27.46470399999614
27.46470399999614
27.46470399999614
27.46470399999614
27.46470399999614
27.46470399999614
27.46470399999614
27.46470399999614
27.46470399999614
27.46470399999614
27.46470399999614
27.46470399999614
27.46470399999614
27.46470399999614
27.46470399999614
27.46470399999614
27.46470399999614
27.46470399999614
27.46470399999614
27.46470399999614
27.46470399999614
27.46470399999614
27.46470399999614
27.46470399999614
27.46470399999614
27.46470399999614
27.46470399999614
27.46470399999614
27.46470399999614
27.46470399999614
27.46470399999614
27.46470399999614
27.46470399999614
27.46470399999614
27.46470399999614
27.46470399999614
27.46470399999614
27.46470399999614
27.46470399999614
27.46470399999614
27.46470399999614
27.46470399999614
27.46470399999614
27.46470399999614
27.46470399999614
27.46470399999614
27.46470399999614
27.46470399999614
27.46470399999614
27.46470399999614
27.46470399999614
27.46470399999614
27.46470399999614
27.46470399999614
27.46470399999614
27.46470399999614
27.46470399999614
27.46470399999614
27.46470399999614
27.46470399999614
27.46470399999614
27.46470399999614
27.46470399999614
27.46470399999614
27.46470399999614
27.46470399999614
27.46470399999614
27.46470399999614
27.46470399999614
27.46470399999614
27.46470399999614
27.46470399999614
27.46470399999614
27.46470399999614
27.46470399999614
27.46470399999614
27.46470399999614
27.46470399999614
27.46470399999614
27.46470399999614
27.46470399999614
27.46470399999614
27.46470399999614
27.46470399999614
27.46470399999614
27.46470399999614
27.46470399999614
27.46470399999614
27.46470399999614
27.46470399999614
27.46470399999614
27.46470399999614
27.46470399999614
27.46470399999614
27.46470399999614
27.46470399999614
27.46470399999614
27.46470399999614
27.46470399999614
27.46470399999614
27.46470399999614
27.46470399999614
27.46470399999614
27.46470399999614
27.46470399999614
27.46470399999614
27.46470399999614
27.46470399999614
27.46470399999614
27.46470399999614
27.46470399999614
27.46470399999614
27.46470399999614
27.46470399999614
27.46470399999614
27.46470399999614
27.46470399999614
27.46470399999614
27.46470399999614
27.46470399999614
27.46470399999614
27.46470399999614
27.46470399999614
27.46470399999614
27.46470399999614
27.46470399999614
27.46470399999614
27.46470399999614
27.46470399999614
27.46470399999614
27.46470399999614
27.46470399999614
27.46470399999614
27.46470399999614
27.46470399999614
27.46470399999614
27.46470399999614
27.46470399999614
27.46470399999614
27.46470399999614
27.46470399999614
27.46470399999614
27.46470399999614
27.46470399999614
27.46470399999614
27.46470399999614
27.46470399999614
27.46470399999614
27.46470399999614
27.46470399999614
27.46470399999614
27.46470399999614
27.46470399999614
27.46470399999614
27.46470399999614
27.46470399999614
27.46470399999614
27.46470399999614
27.46470399999614
27.46470399999614
27.46470399999614
27.46470399999614
27.46470399999614
27.46470399999614
27.46470399999614
27.46470399999614
27.46470399999614
27.46470399999614
27.46470399999614
27.46470399999614
27.46470399999614
27.46470399999614
27.46470399999614
27.46470399999614
27.46470399999614
27.46470399999614
27.46470399999614
27.46470399999614
27.46470399999614
27.46470399999614
27.46470399999614
27.46470399999614
27.46470399999614
27.46470399999614
27.46470399999614
27.46470399999614
27.46470399999614
27.46470399999614
27.46470399999614
27.46470399999614
27.46470399999614
27.46470399999614
27.46470399999614
27.46470399999614
27.46470399999614
27.46470399999614
27.46470399999614
27.46470399999614
27.46470399999614
27.46470399999614
27.46470399999614
27.46470399999614
27.46470399999614
27.46470399999614
27.46470399999614
27.46470399999614
27.46470399999614
27.46470399999614
27.46470399999614
27.46470399999614
27.46470399999614
27.46470399999614
27.46470399999614
27.46470399999614
27.46470399999614
27.46470399999614
27.46470399999614
27.46470399999614
27.46470399999614
27.46470399999614
27.46470399999614
27.46470399999614
27.46470399999614
27.46470399999614
27.46470399999614
27.46470399999614
27.46470399999614
27.46470399999614
27.46470399999614
27.46470399999614
27.46470399999614
27.46470399999614
27.46470399999614
27.46470399999614
27.46470399999614
27.46470399999614
27.46470399999614
27.46470399999614
27.46470399999614
27.46470399999614
27.46470399999614
27.46470399999614
27.46470399999614
27.46470399999614
27.46470399999614
27.46470399999614
27.46470399999614
27.46470399999614
27.46470399999614
27.46470399999614
27.46470399999614
27.46470399999614
27.46470399999614
27.46470399999614
27.46470399999614
27.46470399999614
27.46470399999614
27.46470399999614
27.46470399999614
27.46470399999614
27.46470399999614
27.46470399999614
27.46470399999614
27.46470399999614
27.46470399999614
27.46470399999614
27.46470399999614
27.46470399999614
27.46470399999614
27.46470399999614
27.46470399999614
27.46470399999614
27.46470399999614
27.46470399999614
27.46470399999614
27.46470399999614
27.46470399999614
27.46470399999614
27.46470399999614
27.46470399999614
27.46470399999614
27.46470399999614
27.46470399999614
27.46470399999614
27.46470399999614
27.46470399999614
27.46470399999614
27.46470399999614
27.46470399999614
27.46470399999614
27.46470399999614
27.46470399999614
27.46470399999614
27.46470399999614
27.46470399999614
27.46470399999614
27.46470399999614
27.46470399999614
27.46470399999614
27.46470399999614
27.46470399999614
27.46470399999614
27.46470399999614
27.46470399999614
27.46470399999614
27.46470399999614
27.46470399999614
27.46470399999614
27.46470399999614
27.46470399999614
27.46470399999614
27.46470399999614
27.46470399999614
27.46470399999614
27.46470399999614
27.46470399999614
27.46470399999614
27.46470399999614
27.46470399999614
27.46470399999614
27.46470399999614
27.46470399999614
27.46470399999614
27.46470399999614
27.46470399999614
27.46470399999614
27.46470399999614
27.46470399999614
27.46470399999614
27.46470399999614
27.46470399999614
27.46470399999614
27.46470399999614
27.46470399999614
27.46470399999614
27.46470399999614
27.46470399999614
27.46470399999614
27.46470399999614
27.46470399999614
27.46470399999614
27.46470399999614
27.46470399999614
27.46470399999614
27.46470399999614
27.46470399999614
27.46470399999614
27.46470399999614
27.46470399999614
27.46470399999614
27.46470399999614
27.46470399999614
27.46470399999614
27.46470399999614
27.46470399999614
27.46470399999614
27.46470399999614
27.46470399999614
27.46470399999614
27.46470399999614
27.46470399999614
27.46470399999614
27.46470399999614
27.46470399999614
27.46470399999614
27.46470399999614
27.46470399999614
27.46470399999614
27.46470399999614
27.46470399999614
27.46470399999614
27.46470399999614
27.46470399999614
27.46470399999614
27.46470399999614
27.46470399999614
27.46470399999614
27.46470399999614
27.46470399999614
27.46470399999614
27.46470399999614
27.46470399999614
27.46470399999614
27.46470399999614
27.46470399999614
27.46470399999614
27.46470399999614
27.46470399999614
27.46470399999614
27.46470399999614
27.46470399999614
27.46470399999614
27.46470399999614
27.46470399999614
27.46470399999614
27.46470399999614
27.46470399999614
27.46470399999614
27.46470399999614
27.46470399999614
27.46470399999614
27.46470399999614
27.46470399999614
27.46470399999614
27.46470399999614
27.46470399999614
27.46470399999614
27.46470399999614
27.46470399999614
27.46470399999614
27.46470399999614
27.46470399999614
27.46470399999614
27.46470399999614
27.46470399999614
27.46470399999614
27.46470399999614
27.46470399999614
27.46470399999614
27.46470399999614
27.46470399999614
27.46470399999614
27.46470399999614
27.46470399999614
27.46470399999614
27.46470399999614
27.46470399999614
27.46470399999614
27.46470399999614
27.46470399999614
27.46470399999614
27.46470399999614
27.46470399999614
27.46470399999614
27.46470399999614
27.46470399999614
27.46470399999614
27.46470399999614
27.46470399999614
27.46470399999614
27.46470399999614
27.46470399999614
27.46470399999614
27.46470399999614
27.46470399999614
27.46470399999614
27.46470399999614
27.46470399999614
27.46470399999614
27.46470399999614
27.46470399999614
27.46470399999614
27.46470399999614
27.46470399999614
27.46470399999614
27.46470399999614
27.46470399999614
27.46470399999614
27.46470399999614
27.46470399999614
27.46470399999614
27.46470399999614
27.46470399999614
27.46470399999614
27.46470399999614
27.46470399999614
27.46470399999614
27.46470399999614
27.46470399999614
27.46470399999614
27.46470399999614
27.46470399999614
27.46470399999614
27.46470399999614
27.46470399999614
27.46470399999614
27.46470399999614
27.46470399999614
27.46470399999614
27.46470399999614
27.46470399999614
27.46470399999614
27.46470399999614
27.46470399999614
27.46470399999614
27.46470399999614
27.46470399999614
27.46470399999614
27.46470399999614
27.46470399999614
27.46470399999614
27.46470399999614
27.46470399999614
27.46470399999614
27.46470399999614
27.46470399999614
27.46470399999614
27.46470399999614
27.46470399999614
27.46470399999614
27.46470399999614
27.46470399999614
27.46470399999614
27.46470399999614
27.46470399999614
27.46470399999614
27.46470399999614
27.46470399999614
27.46470399999614
27.46470399999614
27.46470399999614
27.46470399999614
27.46470399999614
27.46470399999614
27.46470399999614
27.46470399999614
27.46470399999614
27.46470399999614
27.46470399999614
27.46470399999614
27.46470399999614
27.46470399999614
27.46470399999614
27.46470399999614
27.46470399999614
27.46470399999614
27.46470399999614
27.46470399999614
27.46470399999614
27.46470399999614
27.46470399999614
27.46470399999614
27.46470399999614
27.46470399999614
27.46470399999614
27.46470399999614
27.46470399999614
27.46470399999614
27.46470399999614
27.46470399999614
27.46470399999614
27.46470399999614
27.46470399999614
27.46470399999614
27.46470399999614
27.46470399999614
27.46470399999614
27.46470399999614
27.46470399999614
27.46470399999614
27.46470399999614
27.46470399999614
27.46470399999614
27.46470399999614
27.46470399999614
27.46470399999614
27.46470399999614
27.46470399999614
27.46470399999614
27.46470399999614
27.46470399999614
27.46470399999614
27.46470399999614
27.46470399999614
27.46470399999614
27.46470399999614
27.46470399999614
27.46470399999614
27.46470399999614
27.46470399999614
27.46470399999614
27.46470399999614
27.46470399999614
27.46470399999614
27.46470399999614
27.46470399999614
27.46470399999614
27.46470399999614
27.46470399999614
27.46470399999614
27.46470399999614
27.46470399999614
27.46470399999614
27.46470399999614
27.46470399999614
27.46470399999614
27.46470399999614
27.46470399999614
27.46470399999614
27.46470399999614
27.46470399999614
27.46470399999614
27.46470399999614
27.46470399999614
27.46470399999614
27.46470399999614
27.46470399999614
27.46470399999614
27.46470399999614
27.46470399999614
27.46470399999614
27.46470399999614
27.46470399999614
27.46470399999614
27.46470399999614
27.46470399999614
27.46470399999614
27.46470399999614
27.46470399999614
27.46470399999614
27.46470399999614
27.46470399999614
27.46470399999614
27.46470399999614
27.46470399999614
27.46470399999614
27.46470399999614
27.46470399999614
27.46470399999614
27.46470399999614
27.46470399999614
27.46470399999614
27.46470399999614
27.46470399999614
27.46470399999614
27.46470399999614
27.46470399999614
27.46470399999614
27.46470399999614
27.46470399999614
27.46470399999614
27.46470399999614
27.46470399999614
27.46470399999614
27.46470399999614
27.46470399999614
27.46470399999614
27.46470399999614
27.46470399999614
27.46470399999614
27.46470399999614
27.46470399999614
27.46470399999614
27.46470399999614
27.46470399999614
27.46470399999614
27.46470399999614
27.46470399999614
27.46470399999614
27.46470399999614
27.46470399999614
27.46470399999614
27.46470399999614
27.46470399999614
27.46470399999614
27.46470399999614
27.46470399999614
27.46470399999614
27.46470399999614
27.46470399999614
27.46470399999614
27.46470399999614
27.46470399999614
27.46470399999614
27.46470399999614
27.46470399999614
27.46470399999614
27.46470399999614
27.46470399999614
27.46470399999614
27.46470399999614
27.46470399999614
27.46470399999614
27.46470399999614
27.46470399999614
27.46470399999614
27.46470399999614
27.46470399999614
27.46470399999614
27.46470399999614
27.46470399999614
27.46470399999614
27.46470399999614
27.46470399999614
27.46470399999614
27.46470399999614
27.46470399999614
27.46470399999614
27.46470399999614
27.46470399999614
27.46470399999614
27.46470399999614
27.46470399999614
27.46470399999614
27.46470399999614
27.46470399999614
27.46470399999614
27.46470399999614
27.46470399999614
27.46470399999614
27.46470399999614
27.46470399999614
27.46470399999614
27.46470399999614
27.46470399999614
27.46470399999614
27.46470399999614
27.46470399999614
27.46470399999614
27.46470399999614
27.46470399999614
27.46470399999614
27.46470399999614
27.46470399999614
27.46470399999614
27.46470399999614
27.46470399999614
27.46470399999614
27.46470399999614
27.46470399999614
27.46470399999614
27.46470399999614
27.46470399999614
27.46470399999614
27.46470399999614
27.46470399999614
27.46470399999614
27.46470399999614
27.46470399999614
27.46470399999614
27.46470399999614
27.46470399999614
27.46470399999614
27.46470399999614
27.46470399999614
27.46470399999614
27.46470399999614
27.46470399999614
27.46470399999614
27.46470399999614
27.46470399999614
27.46470399999614
27.46470399999614
27.46470399999614
27.46470399999614
27.46470399999614
27.46470399999614
27.46470399999614
27.46470399999614
27.46470399999614
27.46470399999614
27.46470399999614
27.46470399999614
27.46470399999614
27.46470399999614
27.46470399999614
27.46470399999614
27.46470399999614
27.46470399999614
27.46470399999614
27.46470399999614
27.46470399999614
27.46470399999614
27.46470399999614
27.46470399999614
27.46470399999614
27.46470399999614
27.46470399999614
27.46470399999614
27.46470399999614
27.46470399999614
27.46470399999614
27.46470399999614
27.46470399999614
27.46470399999614
27.46470399999614
27.46470399999614
27.46470399999614
27.46470399999614
27.46470399999614
27.46470399999614
27.46470399999614
27.46470399999614
27.46470399999614
27.46470399999614
27.46470399999614
27.46470399999614
27.46470399999614
27.46470399999614
27.46470399999614
27.46470399999614
27.46470399999614
27.46470399999614
27.46470399999614
27.46470399999614
27.46470399999614
27.46470399999614
27.46470399999614
27.46470399999614
27.46470399999614
27.46470399999614
27.46470399999614
27.46470399999614
27.46470399999614
27.46470399999614
27.46470399999614
27.46470399999614
27.46470399999614
27.46470399999614
27.46470399999614
27.46470399999614
27.46470399999614
27.46470399999614
27.46470399999614
27.46470399999614
27.46470399999614
27.46470399999614
27.46470399999614
27.46470399999614
27.46470399999614
27.46470399999614
27.46470399999614
27.46470399999614
27.46470399999614
27.46470399999614
27.46470399999614
27.46470399999614
27.46470399999614
27.46470399999614
27.46470399999614
27.46470399999614
27.46470399999614
27.46470399999614
27.46470399999614
27.46470399999614
27.46470399999614
27.46470399999614
27.46470399999614
27.46470399999614
27.46470399999614
27.46470399999614
27.46470399999614
27.46470399999614
27.46470399999614
27.46470399999614
27.46470399999614
27.46470399999614
27.46470399999614
27.46470399999614
27.46470399999614
27.46470399999614
27.46470399999614
27.46470399999614
27.46470399999614
27.46470399999614
27.46470399999614
27.46470399999614
27.46470399999614
27.46470399999614
27.46470399999614
27.46470399999614
27.46470399999614
27.46470399999614
27.46470399999614
27.46470399999614
27.46470399999614
27.46470399999614
27.46470399999614
27.46470399999614
27.46470399999614
27.46470399999614
27.46470399999614
27.46470399999614
27.46470399999614
27.46470399999614
27.46470399999614
27.46470399999614
27.46470399999614
27.46470399999614
27.46470399999614
27.46470399999614
27.46470399999614
27.46470399999614
27.46470399999614
27.46470399999614
27.46470399999614
27.46470399999614
27.46470399999614
27.46470399999614
27.46470399999614
27.46470399999614
27.46470399999614
27.46470399999614
27.46470399999614
27.46470399999614
27.46470399999614
27.46470399999614
27.46470399999614
27.46470399999614
27.46470399999614
27.46470399999614
27.46470399999614
27.46470399999614
27.46470399999614
27.46470399999614
27.46470399999614
27.46470399999614
27.46470399999614
27.46470399999614
27.46470399999614
27.46470399999614
27.46470399999614
27.46470399999614
27.46470399999614
27.46470399999614
27.46470399999614
27.46470399999614
27.46470399999614
27.46470399999614
27.46470399999614
27.46470399999614
27.46470399999614
27.46470399999614
27.46470399999614
27.46470399999614
27.46470399999614
27.46470399999614
27.46470399999614
27.46470399999614
27.46470399999614
27.46470399999614
27.46470399999614
27.46470399999614
27.46470399999614
27.46470399999614
27.46470399999614
27.46470399999614
27.46470399999614
27.46470399999614
27.46470399999614
27.46470399999614
27.46470399999614
27.46470399999614
27.46470399999614
27.46470399999614
27.46470399999614
27.46470399999614
27.46470399999614
27.46470399999614
27.46470399999614
27.46470399999614
27.46470399999614
27.46470399999614
27.46470399999614
27.46470399999614
27.46470399999614
27.46470399999614
27.46470399999614
27.46470399999614
27.46470399999614
27.46470399999614
27.46470399999614
27.46470399999614
27.46470399999614
27.46470399999614
27.46470399999614
27.46470399999614
27.46470399999614
27.46470399999614
27.46470399999614
27.46470399999614
27.46470399999614
27.46470399999614
27.46470399999614
27.46470399999614
27.46470399999614
27.46470399999614
27.46470399999614
27.46470399999614
27.46470399999614
27.46470399999614
27.46470399999614
27.46470399999614
27.46470399999614
27.46470399999614
27.46470399999614
27.46470399999614
27.46470399999614
27.46470399999614
27.46470399999614
27.46470399999614
27.46470399999614
27.46470399999614
27.46470399999614
27.46470399999614
27.46470399999614
27.46470399999614
27.46470399999614
27.46470399999614
27.46470399999614
27.46470399999614
27.46470399999614
27.46470399999614
27.46470399999614
27.46470399999614
27.46470399999614
27.46470399999614
27.46470399999614
27.46470399999614
27.46470399999614
27.46470399999614
27.46470399999614
27.46470399999614
27.46470399999614
27.46470399999614
27.46470399999614
27.46470399999614
27.46470399999614
27.46470399999614
27.46470399999614
27.46470399999614
27.46470399999614
27.46470399999614
27.46470399999614
27.46470399999614
27.46470399999614
27.46470399999614
27.46470399999614
27.46470399999614
27.46470399999614
27.46470399999614
27.46470399999614
27.46470399999614
27.46470399999614
27.46470399999614
27.46470399999614
27.46470399999614
27.46470399999614
27.46470399999614
27.46470399999614
27.46470399999614
27.46470399999614
27.46470399999614
27.46470399999614
27.46470399999614
27.46470399999614
27.46470399999614
27.46470399999614
27.46470399999614
27.46470399999614
27.46470399999614
27.46470399999614
27.46470399999614
27.46470399999614
27.46470399999614
27.46470399999614
27.46470399999614
27.46470399999614
27.46470399999614
27.46470399999614
27.46470399999614
27.46470399999614
27.46470399999614
27.46470399999614
27.46470399999614
27.46470399999614
27.46470399999614
27.46470399999614
27.46470399999614
27.46470399999614
27.46470399999614
27.46470399999614
27.46470399999614
27.46470399999614
27.46470399999614
27.46470399999614
27.46470399999614
27.46470399999614
27.46470399999614
27.46470399999614
27.46470399999614
27.46470399999614
27.46470399999614
27.46470399999614
27.46470399999614
27.46470399999614
27.46470399999614
27.46470399999614
27.46470399999614
27.46470399999614
27.46470399999614
27.46470399999614
27.46470399999614
27.46470399999614
27.46470399999614
27.46470399999614
27.46470399999614
27.46470399999614
27.46470399999614
27.46470399999614
27.46470399999614
27.46470399999614
27.46470399999614
27.46470399999614
27.46470399999614
27.46470399999614
27.46470399999614
27.46470399999614
27.46470399999614
27.46470399999614
27.46470399999614
27.46470399999614
27.46470399999614
27.46470399999614
27.46470399999614
27.46470399999614
27.46470399999614
27.46470399999614
27.46470399999614
27.46470399999614
27.46470399999614
27.46470399999614
27.46470399999614
27.46470399999614
27.46470399999614
27.46470399999614
27.46470399999614
27.46470399999614
27.46470399999614
27.46470399999614
27.46470399999614
27.46470399999614
27.46470399999614
27.46470399999614
27.46470399999614
27.46470399999614
27.46470399999614
27.46470399999614
27.46470399999614
27.46470399999614
27.46470399999614
27.46470399999614
27.46470399999614
27.46470399999614
27.46470399999614
27.46470399999614
27.46470399999614
27.46470399999614
27.46470399999614
27.46470399999614
27.46470399999614
27.46470399999614
27.46470399999614
27.46470399999614
27.46470399999614
27.46470399999614
27.46470399999614
27.46470399999614
27.46470399999614
27.46470399999614
27.46470399999614
27.46470399999614
27.46470399999614
27.46470399999614
27.46470399999614
27.46470399999614
27.46470399999614
27.46470399999614
27.46470399999614
27.46470399999614
27.46470399999614
27.46470399999614
27.46470399999614
27.46470399999614
27.46470399999614
27.46470399999614
27.46470399999614
27.46470399999614
27.46470399999614
27.46470399999614
27.46470399999614
27.46470399999614
27.46470399999614
27.46470399999614
27.46470399999614
27.46470399999614
27.46470399999614
27.46470399999614
27.46470399999614
27.46470399999614
27.46470399999614
27.46470399999614
27.46470399999614
27.46470399999614
27.46470399999614
27.46470399999614
27.46470399999614
27.46470399999614
27.46470399999614
27.46470399999614
27.46470399999614
27.46470399999614
27.46470399999614
27.46470399999614
27.46470399999614
27.46470399999614
27.46470399999614
27.46470399999614
27.46470399999614
27.46470399999614
27.46470399999614
27.46470399999614
27.46470399999614
27.46470399999614
27.46470399999614
27.46470399999614
27.46470399999614
27.46470399999614
27.46470399999614
27.46470399999614
27.46470399999614
27.46470399999614
27.46470399999614
27.46470399999614
27.46470399999614
27.46470399999614
27.46470399999614
27.46470399999614
27.46470399999614
27.46470399999614
27.46470399999614
27.46470399999614
27.46470399999614
27.46470399999614
27.46470399999614
27.46470399999614
27.46470399999614
27.46470399999614
27.46470399999614
27.46470399999614
27.46470399999614
27.46470399999614
27.46470399999614
27.46470399999614
27.46470399999614
27.46470399999614
27.46470399999614
27.46470399999614
27.46470399999614
27.46470399999614
27.46470399999614
27.46470399999614
27.46470399999614
27.46470399999614
27.46470399999614
27.46470399999614
27.46470399999614
27.46470399999614
27.46470399999614
27.46470399999614
27.46470399999614
27.46470399999614
27.46470399999614
27.46470399999614
27.46470399999614
27.46470399999614
27.46470399999614
27.46470399999614
27.46470399999614
27.46470399999614
27.46470399999614
27.46470399999614
27.46470399999614
27.46470399999614
27.46470399999614
27.46470399999614
27.46470399999614
27.46470399999614
27.46470399999614
27.46470399999614
27.46470399999614
27.46470399999614
27.46470399999614
27.46470399999614
27.46470399999614
27.46470399999614
27.46470399999614
27.46470399999614
27.46470399999614
27.46470399999614
27.46470399999614
27.46470399999614
27.46470399999614
27.46470399999614
27.46470399999614
27.46470399999614
27.46470399999614
27.46470399999614
27.46470399999614
27.46470399999614
27.46470399999614
27.46470399999614
27.46470399999614
27.46470399999614
27.46470399999614
27.46470399999614
27.46470399999614
27.46470399999614
27.46470399999614
27.46470399999614
27.46470399999614
27.46470399999614
27.46470399999614
27.46470399999614
27.46470399999614
27.46470399999614
27.46470399999614
27.46470399999614
27.46470399999614
27.46470399999614
27.46470399999614
27.46470399999614
27.46470399999614
27.46470399999614
27.46470399999614
27.46470399999614
27.46470399999614
27.46470399999614
27.46470399999614
27.46470399999614
27.46470399999614
27.46470399999614
27.46470399999614
27.46470399999614
27.46470399999614
27.46470399999614
27.46470399999614
27.46470399999614
27.46470399999614
27.46470399999614
27.46470399999614
27.46470399999614
27.46470399999614
27.46470399999614
27.46470399999614
27.46470399999614
27.46470399999614
27.46470399999614
27.46470399999614
27.46470399999614
27.46470399999614
27.46470399999614
27.46470399999614
27.46470399999614
27.46470399999614
27.46470399999614
27.46470399999614
27.46470399999614
27.46470399999614
27.46470399999614
27.46470399999614
27.46470399999614
27.46470399999614
27.46470399999614
27.46470399999614
27.46470399999614
27.46470399999614
27.46470399999614
27.46470399999614
27.46470399999614
27.46470399999614
27.46470399999614
27.46470399999614
27.46470399999614
27.46470399999614
27.46470399999614
27.46470399999614
27.46470399999614
27.46470399999614
27.46470399999614
27.46470399999614
27.46470399999614
27.46470399999614
27.46470399999614
27.46470399999614
27.46470399999614
27.46470399999614
27.46470399999614
27.46470399999614
27.46470399999614
27.46470399999614
27.46470399999614
27.46470399999614
27.46470399999614
27.46470399999614
27.46470399999614
27.46470399999614
27.46470399999614
27.46470399999614
27.46470399999614
27.46470399999614
27.46470399999614
27.46470399999614
27.46470399999614
27.46470399999614
27.46470399999614
27.46470399999614
27.46470399999614
27.46470399999614
27.46470399999614
27.46470399999614
27.46470399999614
27.46470399999614
27.46470399999614
27.46470399999614
27.46470399999614
27.46470399999614
27.46470399999614
27.46470399999614
27.46470399999614
27.46470399999614
27.46470399999614
27.46470399999614
27.46470399999614
27.46470399999614
27.46470399999614
27.46470399999614
27.46470399999614
27.46470399999614
27.46470399999614
27.46470399999614
27.46470399999614
27.46470399999614
27.46470399999614
27.46470399999614
27.46470399999614
27.46470399999614
27.46470399999614
27.46470399999614
27.46470399999614
27.46470399999614
27.46470399999614
27.46470399999614
27.46470399999614
27.46470399999614
27.46470399999614
27.46470399999614
27.46470399999614
27.46470399999614
27.46470399999614
27.46470399999614
27.46470399999614
27.46470399999614
27.46470399999614
27.46470399999614
27.46470399999614
27.46470399999614
27.46470399999614
27.46470399999614
27.46470399999614
27.46470399999614
27.46470399999614
27.46470399999614
27.46470399999614
27.46470399999614
27.46470399999614
27.46470399999614
27.46470399999614
27.46470399999614
27.46470399999614
27.46470399999614
27.46470399999614
27.46470399999614
27.46470399999614
27.46470399999614
27.46470399999614
27.46470399999614
27.46470399999614
27.46470399999614
27.46470399999614
27.46470399999614
27.46470399999614
27.46470399999614
27.46470399999614
27.46470399999614
27.46470399999614
27.46470399999614
27.46470399999614
27.46470399999614
27.46470399999614
27.46470399999614
27.46470399999614
27.46470399999614
27.46470399999614
27.46470399999614
27.46470399999614
27.46470399999614
27.46470399999614
27.46470399999614
27.46470399999614
27.46470399999614
27.46470399999614
27.46470399999614
27.46470399999614
27.46470399999614
27.46470399999614
27.46470399999614
27.46470399999614
27.46470399999614
27.46470399999614
27.46470399999614
27.46470399999614
27.46470399999614
27.46470399999614
27.46470399999614
27.46470399999614
27.46470399999614
27.46470399999614
27.46470399999614
27.46470399999614
27.46470399999614
27.46470399999614
27.46470399999614
27.46470399999614
27.46470399999614
27.46470399999614
27.46470399999614
27.46470399999614
27.46470399999614
27.46470399999614
27.46470399999614
27.46470399999614
27.46470399999614
27.46470399999614
27.46470399999614
27.46470399999614
27.46470399999614
27.46470399999614
27.46470399999614
27.46470399999614
27.46470399999614
27.46470399999614
27.46470399999614
27.46470399999614
27.46470399999614
27.46470399999614
27.46470399999614
27.46470399999614
27.46470399999614
27.46470399999614
27.46470399999614
27.46470399999614
27.46470399999614
27.46470399999614
27.46470399999614
27.46470399999614
27.46470399999614
27.46470399999614
27.46470399999614
27.46470399999614
27.46470399999614
27.46470399999614
27.46470399999614
27.46470399999614
27.46470399999614
27.46470399999614
27.46470399999614
27.46470399999614
27.46470399999614
27.46470399999614
27.46470399999614
27.46470399999614
27.46470399999614
27.46470399999614
27.46470399999614
27.46470399999614
27.46470399999614
27.46470399999614
27.46470399999614
27.46470399999614
27.46470399999614
27.46470399999614
27.46470399999614
27.46470399999614
27.46470399999614
27.46470399999614
27.46470399999614
27.46470399999614
27.46470399999614
27.46470399999614
27.46470399999614
27.46470399999614
27.46470399999614
27.46470399999614
27.46470399999614
27.46470399999614
27.46470399999614
27.46470399999614
27.46470399999614
27.46470399999614
27.46470399999614
27.46470399999614
27.46470399999614
27.46470399999614
27.46470399999614
27.46470399999614
27.46470399999614
27.46470399999614
27.46470399999614
27.46470399999614
27.46470399999614
27.46470399999614
27.46470399999614
27.46470399999614
27.46470399999614
27.46470399999614
27.46470399999614
27.46470399999614
27.46470399999614
27.46470399999614
27.46470399999614
27.46470399999614
27.46470399999614
27.46470399999614
27.46470399999614
27.46470399999614
27.46470399999614
27.46470399999614
27.46470399999614
27.46470399999614
27.46470399999614
27.46470399999614
27.46470399999614
27.46470399999614
27.46470399999614
27.46470399999614
27.46470399999614
27.46470399999614
27.46470399999614
27.46470399999614
27.46470399999614
27.46470399999614
27.46470399999614
27.46470399999614
27.46470399999614
27.46470399999614
27.46470399999614
27.46470399999614
27.46470399999614
27.46470399999614
27.46470399999614
27.46470399999614
27.46470399999614
27.46470399999614
27.46470399999614
27.46470399999614
27.46470399999614
27.46470399999614
27.46470399999614
27.46470399999614
27.46470399999614
27.46470399999614
27.46470399999614
27.46470399999614
27.46470399999614
27.46470399999614
27.46470399999614
27.46470399999614
27.46470399999614
27.46470399999614
27.46470399999614
27.46470399999614
27.46470399999614
27.46470399999614
27.46470399999614
27.46470399999614
27.46470399999614
27.46470399999614
27.46470399999614
27.46470399999614
27.46470399999614
27.46470399999614
27.46470399999614
27.46470399999614
27.46470399999614
27.46470399999614
27.46470399999614
27.46470399999614
27.46470399999614
27.46470399999614
27.46470399999614
27.46470399999614
27.46470399999614
27.46470399999614
27.46470399999614
27.46470399999614
27.46470399999614
27.46470399999614
27.46470399999614
27.46470399999614
27.46470399999614
27.46470399999614
27.46470399999614
27.46470399999614
27.46470399999614
27.46470399999614
27.46470399999614
27.46470399999614
27.46470399999614
27.46470399999614
27.46470399999614
27.46470399999614
27.46470399999614
27.46470399999614
27.46470399999614
27.46470399999614
27.46470399999614
27.46470399999614
27.46470399999614
27.46470399999614
27.46470399999614
27.46470399999614
27.46470399999614
27.46470399999614
27.46470399999614
27.46470399999614
27.46470399999614
27.46470399999614
27.46470399999614
27.46470399999614
27.46470399999614
27.46470399999614
27.46470399999614
27.46470399999614
27.46470399999614
27.46470399999614
27.46470399999614
27.46470399999614
27.46470399999614
27.46470399999614
27.46470399999614
27.46470399999614
27.46470399999614
27.46470399999614
27.46470399999614
27.46470399999614
27.46470399999614
27.46470399999614
27.46470399999614
27.46470399999614
27.46470399999614
27.46470399999614
27.46470399999614
27.46470399999614
27.46470399999614
27.46470399999614
27.46470399999614
27.46470399999614
27.46470399999614
27.46470399999614
27.46470399999614
27.46470399999614
27.46470399999614
27.46470399999614
27.46470399999614
27.46470399999614
27.46470399999614
27.46470399999614
27.46470399999614
27.46470399999614
27.46470399999614
27.46470399999614
27.46470399999614
27.46470399999614
27.46470399999614
27.46470399999614
27.46470399999614
27.46470399999614
27.46470399999614
27.46470399999614
27.46470399999614
27.46470399999614
27.46470399999614
27.46470399999614
27.46470399999614
27.46470399999614
27.46470399999614
27.46470399999614
27.46470399999614
27.46470399999614
27.46470399999614
27.46470399999614
27.46470399999614
27.46470399999614
27.46470399999614
27.46470399999614
27.46470399999614
27.46470399999614
27.46470399999614
27.46470399999614
27.46470399999614
27.46470399999614
27.46470399999614
27.46470399999614
27.46470399999614
27.46470399999614
27.46470399999614
27.46470399999614
27.46470399999614
27.46470399999614
27.46470399999614
27.46470399999614
27.46470399999614
27.46470399999614
27.46470399999614
27.46470399999614
27.46470399999614
27.46470399999614
27.46470399999614
27.46470399999614
27.46470399999614
27.46470399999614
27.46470399999614
27.46470399999614
27.46470399999614
27.46470399999614
27.46470399999614
27.46470399999614
27.46470399999614
27.46470399999614
27.46470399999614
27.46470399999614
27.46470399999614
27.46470399999614
27.46470399999614
27.46470399999614
27.46470399999614
27.46470399999614
27.46470399999614
27.46470399999614
27.46470399999614
27.46470399999614
27.46470399999614
27.46470399999614
27.46470399999614
27.46470399999614
27.46470399999614
27.46470399999614
27.46470399999614
27.46470399999614
27.46470399999614
27.46470399999614
27.46470399999614
27.46470399999614
27.46470399999614
27.46470399999614
27.46470399999614
27.46470399999614
27.46470399999614
27.46470399999614
27.46470399999614
27.46470399999614
27.46470399999614
27.46470399999614
27.46470399999614
27.46470399999614
27.46470399999614
27.46470399999614
27.46470399999614
27.46470399999614
27.46470399999614
27.46470399999614
27.46470399999614
27.46470399999614
27.46470399999614
27.46470399999614
27.46470399999614
27.46470399999614
27.46470399999614
27.46470399999614
27.46470399999614
27.46470399999614
27.46470399999614
27.46470399999614
27.46470399999614
27.46470399999614
27.46470399999614
27.46470399999614
27.46470399999614
27.46470399999614
27.46470399999614
27.46470399999614
27.46470399999614
27.46470399999614
27.46470399999614
27.46470399999614
27.46470399999614
27.46470399999614
27.46470399999614
27.46470399999614
27.46470399999614
27.46470399999614
27.46470399999614
27.46470399999614
27.46470399999614
27.46470399999614
27.46470399999614
27.46470399999614
27.46470399999614
27.46470399999614
27.46470399999614
27.46470399999614
27.46470399999614
27.46470399999614
27.46470399999614
27.46470399999614
27.46470399999614
27.46470399999614
27.46470399999614
27.46470399999614
27.46470399999614
27.46470399999614
27.46470399999614
27.46470399999614
27.46470399999614
27.46470399999614
27.46470399999614
27.46470399999614
27.46470399999614
27.46470399999614
27.46470399999614
27.46470399999614
27.46470399999614
27.46470399999614
27.46470399999614
27.46470399999614
27.46470399999614
27.46470399999614
27.46470399999614
27.46470399999614
27.46470399999614
27.46470399999614
27.46470399999614
27.46470399999614
27.46470399999614
27.46470399999614
27.46470399999614
27.46470399999614
27.46470399999614
27.46470399999614
27.46470399999614
27.46470399999614
27.46470399999614
27.46470399999614
27.46470399999614
27.46470399999614
27.46470399999614
27.46470399999614
27.46470399999614
27.46470399999614
27.46470399999614
27.46470399999614
27.46470399999614
27.46470399999614
27.46470399999614
27.46470399999614
27.46470399999614
27.46470399999614
27.46470399999614
27.46470399999614
27.46470399999614
27.46470399999614
27.46470399999614
27.46470399999614
27.46470399999614
27.46470399999614
27.46470399999614
27.46470399999614
27.46470399999614
27.46470399999614
27.46470399999614
27.46470399999614
27.46470399999614
27.46470399999614
27.46470399999614
27.46470399999614
27.46470399999614
27.46470399999614
27.46470399999614
27.46470399999614
27.46470399999614
27.46470399999614
27.46470399999614
27.46470399999614
27.46470399999614
27.46470399999614
27.46470399999614
27.46470399999614
27.46470399999614
27.46470399999614
27.46470399999614
27.46470399999614
27.46470399999614
27.46470399999614
27.46470399999614
27.46470399999614
27.46470399999614
27.46470399999614
27.46470399999614
27.46470399999614
27.46470399999614
27.46470399999614
27.46470399999614
27.46470399999614
27.46470399999614
27.46470399999614
27.46470399999614
27.46470399999614
27.46470399999614
27.46470399999614
27.46470399999614
27.46470399999614
27.46470399999614
27.46470399999614
27.46470399999614
27.46470399999614
27.46470399999614
27.46470399999614
27.46470399999614
27.46470399999614
27.46470399999614
27.46470399999614
27.46470399999614
27.46470399999614
27.46470399999614
27.46470399999614
27.46470399999614
27.46470399999614
27.46470399999614
27.46470399999614
27.46470399999614
27.46470399999614
27.46470399999614
27.46470399999614
27.46470399999614
27.46470399999614
27.46470399999614
27.46470399999614
27.46470399999614
27.46470399999614
27.46470399999614
27.46470399999614
27.46470399999614
27.46470399999614
27.46470399999614
27.46470399999614
27.46470399999614
27.46470399999614
27.46470399999614
27.46470399999614
27.46470399999614
27.46470399999614
27.46470399999614
27.46470399999614
27.46470399999614
27.46470399999614
27.46470399999614
27.46470399999614
27.46470399999614
27.46470399999614
27.46470399999614
27.46470399999614
27.46470399999614
27.46470399999614
27.46470399999614
27.46470399999614
27.46470399999614
27.46470399999614
27.46470399999614
27.46470399999614
27.46470399999614
27.46470399999614
27.46470399999614
27.46470399999614
27.46470399999614
27.46470399999614
27.46470399999614
27.46470399999614
27.46470399999614
27.46470399999614
27.46470399999614
27.46470399999614
27.46470399999614
27.46470399999614
27.46470399999614
27.46470399999614
27.46470399999614
27.46470399999614
27.46470399999614
27.46470399999614
27.46470399999614
27.46470399999614
27.46470399999614
27.46470399999614
27.46470399999614
27.46470399999614
27.46470399999614
27.46470399999614
27.46470399999614
27.46470399999614
27.46470399999614
27.46470399999614
27.46470399999614
27.46470399999614
27.46470399999614
27.46470399999614
27.46470399999614
27.46470399999614
27.46470399999614
27.46470399999614
27.46470399999614
27.46470399999614
27.46470399999614
27.46470399999614
27.46470399999614
27.46470399999614
27.46470399999614
27.46470399999614
27.46470399999614
27.46470399999614
27.46470399999614
27.46470399999614
27.46470399999614
27.46470399999614
27.46470399999614
27.46470399999614
27.46470399999614
27.46470399999614
27.46470399999614
27.46470399999614
27.46470399999614
27.46470399999614
27.46470399999614
27.46470399999614
27.46470399999614
27.46470399999614
27.46470399999614
27.46470399999614
27.46470399999614
27.46470399999614
27.46470399999614
27.46470399999614
27.46470399999614
27.46470399999614
27.46470399999614
27.46470399999614
27.46470399999614
27.46470399999614
27.46470399999614
27.46470399999614
27.46470399999614
27.46470399999614
27.46470399999614
27.46470399999614
27.46470399999614
27.46470399999614
27.46470399999614
27.46470399999614
27.46470399999614
27.46470399999614
27.46470399999614
27.46470399999614
27.46470399999614
27.46470399999614
27.46470399999614
27.46470399999614
27.46470399999614
27.46470399999614
27.46470399999614
27.46470399999614
27.46470399999614
27.46470399999614
27.46470399999614
27.46470399999614
27.46470399999614
27.46470399999614
27.46470399999614
27.46470399999614
27.46470399999614
27.46470399999614
27.46470399999614
27.46470399999614
27.46470399999614
27.46470399999614
27.46470399999614
27.46470399999614
27.46470399999614
27.46470399999614
27.46470399999614
27.46470399999614
27.46470399999614
27.46470399999614
27.46470399999614
27.46470399999614
27.46470399999614
27.46470399999614
27.46470399999614
27.46470399999614
27.46470399999614
27.46470399999614
27.46470399999614
27.46470399999614
27.46470399999614
27.46470399999614
27.46470399999614
27.46470399999614
27.46470399999614
27.46470399999614
27.46470399999614
27.46470399999614
27.46470399999614
27.46470399999614
27.46470399999614
27.46470399999614
27.46470399999614
27.46470399999614
27.46470399999614
27.46470399999614
27.46470399999614
27.46470399999614
27.46470399999614
27.46470399999614
27.46470399999614
27.46470399999614
27.46470399999614
27.46470399999614
27.46470399999614
27.46470399999614
27.46470399999614
27.46470399999614
27.46470399999614
27.46470399999614
27.46470399999614
27.46470399999614
27.46470399999614
27.46470399999614
27.46470399999614
27.46470399999614
27.46470399999614
27.46470399999614
27.46470399999614
27.46470399999614
27.46470399999614
27.46470399999614
27.46470399999614
27.46470399999614
27.46470399999614
27.46470399999614
27.46470399999614
27.46470399999614
27.46470399999614
27.46470399999614
27.46470399999614
27.46470399999614
27.46470399999614
27.46470399999614
27.46470399999614
27.46470399999614
27.46470399999614
27.46470399999614
27.46470399999614
27.46470399999614
27.46470399999614
27.46470399999614
27.46470399999614
27.46470399999614
27.46470399999614
27.46470399999614
27.46470399999614
27.46470399999614
27.46470399999614
27.46470399999614
27.46470399999614
27.46470399999614
27.46470399999614
27.46470399999614
27.46470399999614
27.46470399999614
27.46470399999614
27.46470399999614
27.46470399999614
27.46470399999614
27.46470399999614
27.46470399999614
27.46470399999614
27.46470399999614
27.46470399999614
27.46470399999614
27.46470399999614
27.46470399999614
27.46470399999614
27.46470399999614
27.46470399999614
27.46470399999614
27.46470399999614
27.46470399999614
27.46470399999614
27.46470399999614
27.46470399999614
27.46470399999614
27.46470399999614
27.46470399999614
27.46470399999614
27.46470399999614
27.46470399999614
27.46470399999614
27.46470399999614
27.46470399999614
27.46470399999614
27.46470399999614
27.46470399999614
27.46470399999614
27.46470399999614
27.46470399999614
27.46470399999614
27.46470399999614
27.46470399999614
27.46470399999614
27.46470399999614
27.46470399999614
27.46470399999614
27.46470399999614
27.46470399999614
27.46470399999614
27.46470399999614
27.46470399999614
27.46470399999614
27.46470399999614
27.46470399999614
27.46470399999614
27.46470399999614
27.46470399999614
27.46470399999614
27.46470399999614
27.46470399999614
27.46470399999614
27.46470399999614
27.46470399999614
27.46470399999614
27.46470399999614
27.46470399999614
27.46470399999614
27.46470399999614
27.46470399999614
27.46470399999614
27.46470399999614
27.46470399999614
27.46470399999614
27.46470399999614
27.46470399999614
27.46470399999614
27.46470399999614
27.46470399999614
27.46470399999614
27.46470399999614
27.46470399999614
27.46470399999614
27.46470399999614
27.46470399999614
27.46470399999614
27.46470399999614
27.46470399999614
27.46470399999614
27.46470399999614
27.46470399999614
27.46470399999614
27.46470399999614
27.46470399999614
27.46470399999614
27.46470399999614
27.46470399999614
27.46470399999614
27.46470399999614
27.46470399999614
27.46470399999614
27.46470399999614
27.46470399999614
27.46470399999614
27.46470399999614
27.46470399999614
27.46470399999614
27.46470399999614
27.46470399999614
27.46470399999614
27.46470399999614
27.46470399999614
27.46470399999614
27.46470399999614
27.46470399999614
27.46470399999614
27.46470399999614
27.46470399999614
27.46470399999614
27.46470399999614
27.46470399999614
27.46470399999614
27.46470399999614
27.46470399999614
27.46470399999614
27.46470399999614
27.46470399999614
27.46470399999614
27.46470399999614
27.46470399999614
27.46470399999614
27.46470399999614
27.46470399999614
27.46470399999614
27.46470399999614
27.46470399999614
27.46470399999614
27.46470399999614
27.46470399999614
27.46470399999614
27.46470399999614
27.46470399999614
27.46470399999614
27.46470399999614
27.46470399999614
27.46470399999614
27.46470399999614
27.46470399999614
27.46470399999614
27.46470399999614
27.46470399999614
27.46470399999614
27.46470399999614
27.46470399999614
27.46470399999614
27.46470399999614
27.46470399999614
27.46470399999614
27.46470399999614
27.46470399999614
27.46470399999614
27.46470399999614
27.46470399999614
27.46470399999614
27.46470399999614
27.46470399999614
27.46470399999614
27.46470399999614
27.46470399999614
27.46470399999614
27.46470399999614
27.46470399999614
27.46470399999614
27.46470399999614
27.46470399999614
27.46470399999614
27.46470399999614
27.46470399999614
27.46470399999614
27.46470399999614
27.46470399999614
27.46470399999614
27.46470399999614
27.46470399999614
27.46470399999614
27.46470399999614
27.46470399999614
27.46470399999614
27.46470399999614
27.46470399999614
27.46470399999614
27.46470399999614
27.46470399999614
27.46470399999614
27.46470399999614
27.46470399999614
27.46470399999614
27.46470399999614
27.46470399999614
27.46470399999614
27.46470399999614
27.46470399999614
27.46470399999614
27.46470399999614
27.46470399999614
27.46470399999614
27.46470399999614
27.46470399999614
27.46470399999614
27.46470399999614
27.46470399999614
27.46470399999614
27.46470399999614
27.46470399999614
27.46470399999614
27.46470399999614
27.46470399999614
27.46470399999614
27.46470399999614
27.46470399999614
27.46470399999614
27.46470399999614
27.46470399999614
27.46470399999614
27.46470399999614
27.46470399999614
27.46470399999614
27.46470399999614
27.46470399999614
27.46470399999614
27.46470399999614
27.46470399999614
27.46470399999614
27.46470399999614
27.46470399999614
27.46470399999614
27.46470399999614
27.46470399999614
27.46470399999614
27.46470399999614
27.46470399999614
27.46470399999614
27.46470399999614
27.46470399999614
27.46470399999614
27.46470399999614
27.46470399999614
27.46470399999614
27.46470399999614
27.46470399999614
27.46470399999614
27.46470399999614
27.46470399999614
27.46470399999614
27.46470399999614
27.46470399999614
27.46470399999614
27.46470399999614
27.46470399999614
27.46470399999614
27.46470399999614
27.46470399999614
27.46470399999614
27.46470399999614
27.46470399999614
27.46470399999614
27.46470399999614
27.46470399999614
27.46470399999614
27.46470399999614
27.46470399999614
27.46470399999614
27.46470399999614
27.46470399999614
27.46470399999614
27.46470399999614
27.46470399999614
27.46470399999614
27.46470399999614
27.46470399999614
27.46470399999614
27.46470399999614
27.46470399999614
27.46470399999614
27.46470399999614
27.46470399999614
27.46470399999614
27.46470399999614
27.46470399999614
27.46470399999614
27.46470399999614
27.46470399999614
27.46470399999614
27.46470399999614
27.46470399999614
27.46470399999614
27.46470399999614
27.46470399999614
27.46470399999614
27.46470399999614
27.46470399999614
27.46470399999614
27.46470399999614
27.46470399999614
27.46470399999614
27.46470399999614
27.46470399999614
27.46470399999614
27.46470399999614
27.46470399999614
27.46470399999614
27.46470399999614
27.46470399999614
27.46470399999614
27.46470399999614
27.46470399999614
27.46470399999614
27.46470399999614
27.46470399999614
27.46470399999614
27.46470399999614
27.46470399999614
27.46470399999614
27.46470399999614
27.46470399999614
27.46470399999614
27.46470399999614
27.46470399999614
27.46470399999614
27.46470399999614
27.46470399999614
27.46470399999614
27.46470399999614
27.46470399999614
27.46470399999614
27.46470399999614
27.46470399999614
27.46470399999614
27.46470399999614
27.46470399999614
27.46470399999614
27.46470399999614
27.46470399999614
27.46470399999614
27.46470399999614
27.46470399999614
27.46470399999614
27.46470399999614
27.46470399999614
27.46470399999614
27.46470399999614
27.46470399999614
27.46470399999614
27.46470399999614
27.46470399999614
27.46470399999614
27.46470399999614
27.46470399999614
27.46470399999614
27.46470399999614
27.46470399999614
27.46470399999614
27.46470399999614
27.46470399999614
27.46470399999614
27.46470399999614
27.46470399999614
27.46470399999614
27.46470399999614
27.46470399999614
27.46470399999614
27.46470399999614
27.46470399999614
27.46470399999614
27.46470399999614
27.46470399999614
27.46470399999614
27.46470399999614
27.46470399999614
27.46470399999614
27.46470399999614
27.46470399999614
27.46470399999614
27.46470399999614
27.46470399999614
27.46470399999614
27.46470399999614
27.46470399999614
27.46470399999614
27.46470399999614
27.46470399999614
27.46470399999614
27.46470399999614
27.46470399999614
27.46470399999614
27.46470399999614
27.46470399999614
27.46470399999614
27.46470399999614
27.46470399999614
27.46470399999614
27.46470399999614
27.46470399999614
27.46470399999614
27.46470399999614
27.46470399999614
27.46470399999614
27.46470399999614
27.46470399999614
27.46470399999614
27.46470399999614
27.46470399999614
27.46470399999614
27.46470399999614
27.46470399999614
27.46470399999614
27.46470399999614
27.46470399999614
27.46470399999614
27.46470399999614
27.46470399999614
27.46470399999614
27.46470399999614
27.46470399999614
27.46470399999614
27.46470399999614
27.46470399999614
27.46470399999614
27.46470399999614
27.46470399999614
27.46470399999614
27.46470399999614
27.46470399999614
27.46470399999614
27.46470399999614
27.46470399999614
27.46470399999614
27.46470399999614
27.46470399999614
27.46470399999614
27.46470399999614
27.46470399999614
27.46470399999614
27.46470399999614
27.46470399999614
27.46470399999614
27.46470399999614
27.46470399999614
27.46470399999614
27.46470399999614
27.46470399999614
27.46470399999614
27.46470399999614
27.46470399999614
27.46470399999614
27.46470399999614
27.46470399999614
27.46470399999614
27.46470399999614
27.46470399999614
27.46470399999614
27.46470399999614
27.46470399999614
27.46470399999614
27.46470399999614
27.46470399999614
27.46470399999614
27.46470399999614
27.46470399999614
27.46470399999614
27.46470399999614
27.46470399999614
27.46470399999614
27.46470399999614
27.46470399999614
27.46470399999614
27.46470399999614
27.46470399999614
27.46470399999614
27.46470399999614
27.46470399999614
27.46470399999614
27.46470399999614
27.46470399999614
27.46470399999614
27.46470399999614
27.46470399999614
27.46470399999614
27.46470399999614
27.46470399999614
27.46470399999614
27.46470399999614
27.46470399999614
27.46470399999614
27.46470399999614
27.46470399999614
27.46470399999614
27.46470399999614
27.46470399999614
27.46470399999614
27.46470399999614
27.46470399999614
27.46470399999614
27.46470399999614
27.46470399999614
27.46470399999614
27.46470399999614
27.46470399999614
27.46470399999614
27.46470399999614
27.46470399999614
27.46470399999614
27.46470399999614
27.46470399999614
27.46470399999614
27.46470399999614
27.46470399999614
27.46470399999614
27.46470399999614
27.46470399999614
27.46470399999614
27.46470399999614
27.46470399999614
27.46470399999614
27.46470399999614
27.46470399999614
27.46470399999614
27.46470399999614
27.46470399999614
27.46470399999614
27.46470399999614
27.46470399999614
27.46470399999614
27.46470399999614
27.46470399999614
27.46470399999614
27.46470399999614
27.46470399999614
27.46470399999614
27.46470399999614
27.46470399999614
27.46470399999614
27.46470399999614
27.46470399999614
27.46470399999614
27.46470399999614
27.46470399999614
27.46470399999614
27.46470399999614
27.46470399999614
27.46470399999614
27.46470399999614
27.46470399999614
27.46470399999614
27.46470399999614
27.46470399999614
27.46470399999614
27.46470399999614
27.46470399999614
27.46470399999614
27.46470399999614
27.46470399999614
27.46470399999614
27.46470399999614
27.46470399999614
27.46470399999614
27.46470399999614
27.46470399999614
27.46470399999614
27.46470399999614
27.46470399999614
27.46470399999614
27.46470399999614
27.46470399999614
27.46470399999614
27.46470399999614
27.46470399999614
27.46470399999614
27.46470399999614
27.46470399999614
27.46470399999614
27.46470399999614
27.46470399999614
27.46470399999614
27.46470399999614
27.46470399999614
27.46470399999614
27.46470399999614
27.46470399999614
27.46470399999614
27.46470399999614
27.46470399999614
27.46470399999614
27.46470399999614
27.46470399999614
27.46470399999614
27.46470399999614
27.46470399999614
27.46470399999614
27.46470399999614
27.46470399999614
27.46470399999614
27.46470399999614
27.46470399999614
27.46470399999614
27.46470399999614
27.46470399999614
27.46470399999614
27.46470399999614
27.46470399999614
27.46470399999614
27.46470399999614
27.46470399999614
27.46470399999614
27.46470399999614
27.46470399999614
27.46470399999614
27.46470399999614
27.46470399999614
27.46470399999614
27.46470399999614
27.46470399999614
27.46470399999614
27.46470399999614
27.46470399999614
27.46470399999614
27.46470399999614
27.46470399999614
27.46470399999614
27.46470399999614
27.46470399999614
27.46470399999614
27.46470399999614
27.46470399999614
27.46470399999614
27.46470399999614
27.46470399999614
27.46470399999614
27.46470399999614
27.46470399999614
27.46470399999614
27.46470399999614
27.46470399999614
27.46470399999614
27.46470399999614
27.46470399999614
27.46470399999614
27.46470399999614
27.46470399999614
27.46470399999614
27.46470399999614
27.46470399999614
27.46470399999614
27.46470399999614
27.46470399999614
27.46470399999614
27.46470399999614
27.46470399999614
27.46470399999614
27.46470399999614
27.46470399999614
27.46470399999614
27.46470399999614
27.46470399999614
27.46470399999614
27.46470399999614
27.46470399999614
27.46470399999614
27.46470399999614
27.46470399999614
27.46470399999614
27.46470399999614
27.46470399999614
27.46470399999614
27.46470399999614
27.46470399999614
27.46470399999614
27.46470399999614
27.46470399999614
27.46470399999614
27.46470399999614
27.46470399999614
27.46470399999614
27.46470399999614
27.46470399999614
27.46470399999614
27.46470399999614
27.46470399999614
27.46470399999614
27.46470399999614
27.46470399999614
27.46470399999614
27.46470399999614
27.46470399999614
27.46470399999614
27.46470399999614
27.46470399999614
27.46470399999614
27.46470399999614
27.46470399999614
27.46470399999614
27.46470399999614
27.46470399999614
27.46470399999614
27.46470399999614
27.46470399999614
27.46470399999614
27.46470399999614
27.46470399999614
27.46470399999614
27.46470399999614
27.46470399999614
27.46470399999614
27.46470399999614
27.46470399999614
27.46470399999614
27.46470399999614
27.46470399999614
27.46470399999614
27.46470399999614
27.46470399999614
27.46470399999614
27.46470399999614
27.46470399999614
27.46470399999614
27.46470399999614
27.46470399999614
27.46470399999614
27.46470399999614
27.46470399999614
27.46470399999614
27.46470399999614
27.46470399999614
27.46470399999614
27.46470399999614
27.46470399999614
27.46470399999614
27.46470399999614
27.46470399999614
27.46470399999614
27.46470399999614
27.46470399999614
27.46470399999614
27.46470399999614
27.46470399999614
27.46470399999614
27.46470399999614
27.46470399999614
27.46470399999614
27.46470399999614
27.46470399999614
27.46470399999614
27.46470399999614
27.46470399999614
27.46470399999614
27.46470399999614
27.46470399999614
27.46470399999614
27.46470399999614
27.46470399999614
27.46470399999614
27.46470399999614
27.46470399999614
27.46470399999614
27.46470399999614
27.46470399999614
27.46470399999614
27.46470399999614
27.46470399999614
27.46470399999614
27.46470399999614
27.46470399999614
27.46470399999614
27.46470399999614
27.46470399999614
27.46470399999614
27.46470399999614
27.46470399999614
27.46470399999614
27.46470399999614
27.46470399999614
27.46470399999614
27.46470399999614
27.46470399999614
27.46470399999614
27.46470399999614
27.46470399999614
27.46470399999614
27.46470399999614
27.46470399999614
27.46470399999614
27.46470399999614
27.46470399999614
27.46470399999614
27.46470399999614
27.46470399999614
27.46470399999614
27.46470399999614
27.46470399999614
27.46470399999614
27.46470399999614
27.46470399999614
27.46470399999614
27.46470399999614
27.46470399999614
27.46470399999614
27.46470399999614
27.46470399999614
27.46470399999614
27.46470399999614
27.46470399999614
27.46470399999614
27.46470399999614
27.46470399999614
27.46470399999614
27.46470399999614
27.46470399999614
27.46470399999614
27.46470399999614
27.46470399999614
27.46470399999614
27.46470399999614
27.46470399999614
27.46470399999614
27.46470399999614
27.46470399999614
27.46470399999614
27.46470399999614
27.46470399999614
27.46470399999614
27.46470399999614
27.46470399999614
27.46470399999614
27.46470399999614
27.46470399999614
27.46470399999614
27.46470399999614
27.46470399999614
27.46470399999614
27.46470399999614
27.46470399999614
27.46470399999614
27.46470399999614
27.46470399999614
27.46470399999614
27.46470399999614
27.46470399999614
27.46470399999614
27.46470399999614
27.46470399999614
27.46470399999614
27.46470399999614
27.46470399999614
27.46470399999614
27.46470399999614
27.46470399999614
27.46470399999614
27.46470399999614
27.46470399999614
27.46470399999614
27.46470399999614
27.46470399999614
27.46470399999614
27.46470399999614
27.46470399999614
27.46470399999614
27.46470399999614
27.46470399999614
27.46470399999614
27.46470399999614
27.46470399999614
27.46470399999614
27.46470399999614
27.46470399999614
27.46470399999614
27.46470399999614
27.46470399999614
27.46470399999614
27.46470399999614
27.46470399999614
27.46470399999614
27.46470399999614
27.46470399999614
27.46470399999614
27.46470399999614
27.46470399999614
27.46470399999614
27.46470399999614
27.46470399999614
27.46470399999614
27.46470399999614
27.46470399999614
27.46470399999614
27.46470399999614
27.46470399999614
27.46470399999614
27.46470399999614
27.46470399999614
27.46470399999614
27.46470399999614
27.46470399999614
27.46470399999614
27.46470399999614
27.46470399999614
27.46470399999614
27.46470399999614
27.46470399999614
27.46470399999614
27.46470399999614
27.46470399999614
27.46470399999614
27.46470399999614
27.46470399999614
27.46470399999614
27.46470399999614
27.46470399999614
27.46470399999614
27.46470399999614
27.46470399999614
27.46470399999614
27.46470399999614
27.46470399999614
27.46470399999614
27.46470399999614
27.46470399999614
27.46470399999614
27.46470399999614
27.46470399999614
27.46470399999614
27.46470399999614
27.46470399999614
27.46470399999614
27.46470399999614
27.46470399999614
27.46470399999614
27.46470399999614
27.46470399999614
27.46470399999614
27.46470399999614
27.46470399999614
27.46470399999614
27.46470399999614
27.46470399999614
27.46470399999614
27.46470399999614
27.46470399999614
27.46470399999614
27.46470399999614
27.46470399999614
27.46470399999614
27.46470399999614
27.46470399999614
27.46470399999614
27.46470399999614
27.46470399999614
27.46470399999614
27.46470399999614
27.46470399999614
27.46470399999614
27.46470399999614
27.46470399999614
27.46470399999614
27.46470399999614
27.46470399999614
27.46470399999614
27.46470399999614
27.46470399999614
27.46470399999614
27.46470399999614
27.46470399999614
27.46470399999614
27.46470399999614
27.46470399999614
27.46470399999614
27.46470399999614
27.46470399999614
27.46470399999614
27.46470399999614
27.46470399999614
27.46470399999614
27.46470399999614
27.46470399999614
27.46470399999614
27.46470399999614
27.46470399999614
27.46470399999614
27.46470399999614
27.46470399999614
27.46470399999614
27.46470399999614
27.46470399999614
27.46470399999614
27.46470399999614
27.46470399999614
27.46470399999614
27.46470399999614
27.46470399999614
27.46470399999614
27.46470399999614
27.46470399999614
27.46470399999614
27.46470399999614
27.46470399999614
27.46470399999614
27.46470399999614
27.46470399999614
27.46470399999614
27.46470399999614
27.46470399999614
27.46470399999614
27.46470399999614
27.46470399999614
27.46470399999614
27.46470399999614
27.46470399999614
27.46470399999614
27.46470399999614
27.46470399999614
27.46470399999614
27.46470399999614
27.46470399999614
27.46470399999614
27.46470399999614
27.46470399999614
27.46470399999614
27.46470399999614
27.46470399999614
27.46470399999614
27.46470399999614
27.46470399999614
27.46470399999614
27.46470399999614
27.46470399999614
27.46470399999614
27.46470399999614
27.46470399999614
27.46470399999614
27.46470399999614
27.46470399999614
27.46470399999614
27.46470399999614
27.46470399999614
27.46470399999614
27.46470399999614
27.46470399999614
27.46470399999614
27.46470399999614
27.46470399999614
27.46470399999614
27.46470399999614
27.46470399999614
27.46470399999614
27.46470399999614
27.46470399999614
27.46470399999614
27.46470399999614
27.46470399999614
27.46470399999614
27.46470399999614
27.46470399999614
27.46470399999614
27.46470399999614
27.46470399999614
27.46470399999614
27.46470399999614
27.46470399999614
27.46470399999614
27.46470399999614
27.46470399999614
27.46470399999614
27.46470399999614
27.46470399999614
27.46470399999614
27.46470399999614
27.46470399999614
27.46470399999614
27.46470399999614
27.46470399999614
27.46470399999614
27.46470399999614
27.46470399999614
27.46470399999614
27.46470399999614
27.46470399999614
27.46470399999614
27.46470399999614
27.46470399999614
27.46470399999614
27.46470399999614
27.46470399999614
27.46470399999614
27.46470399999614
27.46470399999614
27.46470399999614
27.46470399999614
27.46470399999614
27.46470399999614
27.46470399999614
27.46470399999614
27.46470399999614
27.46470399999614
27.46470399999614
27.46470399999614
27.46470399999614
27.46470399999614
27.46470399999614
27.46470399999614
27.46470399999614
27.46470399999614
27.46470399999614
27.46470399999614
27.46470399999614
27.46470399999614
27.46470399999614
27.46470399999614
27.46470399999614
27.46470399999614
27.46470399999614
27.46470399999614
27.46470399999614
27.46470399999614
27.46470399999614
27.46470399999614
27.46470399999614
27.46470399999614
27.46470399999614
27.46470399999614
27.46470399999614
27.46470399999614
27.46470399999614
27.46470399999614
27.46470399999614
27.46470399999614
27.46470399999614
27.46470399999614
27.46470399999614
27.46470399999614
27.46470399999614
27.46470399999614
27.46470399999614
27.46470399999614
27.46470399999614
27.46470399999614
27.46470399999614
27.46470399999614
27.46470399999614
27.46470399999614
27.46470399999614
27.46470399999614
27.46470399999614
27.46470399999614
27.46470399999614
27.46470399999614
27.46470399999614
27.46470399999614
27.46470399999614
27.46470399999614
27.46470399999614
27.46470399999614
27.46470399999614
27.46470399999614
27.46470399999614
27.46470399999614
27.46470399999614
27.46470399999614
27.46470399999614
27.46470399999614
27.46470399999614
27.46470399999614
27.46470399999614
27.46470399999614
27.46470399999614
27.46470399999614
27.46470399999614
27.46470399999614
27.46470399999614
27.46470399999614
27.46470399999614
27.46470399999614
27.46470399999614
27.46470399999614
27.46470399999614
27.46470399999614
27.46470399999614
27.46470399999614
27.46470399999614
27.46470399999614
27.46470399999614
27.46470399999614
27.46470399999614
27.46470399999614
27.46470399999614
27.46470399999614
27.46470399999614
27.46470399999614
27.46470399999614
27.46470399999614
27.46470399999614
27.46470399999614
27.46470399999614
27.46470399999614
27.46470399999614
27.46470399999614
27.46470399999614
27.46470399999614
27.46470399999614
27.46470399999614
27.46470399999614
27.46470399999614
27.46470399999614
27.46470399999614
27.46470399999614
27.46470399999614
27.46470399999614
27.46470399999614
27.46470399999614
27.46470399999614
27.46470399999614
27.46470399999614
27.46470399999614
27.46470399999614
27.46470399999614
27.46470399999614
27.46470399999614
27.46470399999614
27.46470399999614
27.46470399999614
27.46470399999614
27.46470399999614
27.46470399999614
27.46470399999614
27.46470399999614
27.46470399999614
27.46470399999614
27.46470399999614
27.46470399999614
27.46470399999614
27.46470399999614
27.46470399999614
27.46470399999614
27.46470399999614
27.46470399999614
27.46470399999614
27.46470399999614
27.46470399999614
27.46470399999614
27.46470399999614
27.46470399999614
27.46470399999614
27.46470399999614
27.46470399999614
27.46470399999614
27.46470399999614
27.46470399999614
27.46470399999614
27.46470399999614
27.46470399999614
27.46470399999614
27.46470399999614
27.46470399999614
27.46470399999614
27.46470399999614
27.46470399999614
27.46470399999614
27.46470399999614
27.46470399999614
27.46470399999614
27.46470399999614
27.46470399999614
27.46470399999614
27.46470399999614
27.46470399999614
27.46470399999614
27.46470399999614
27.46470399999614
27.46470399999614
27.46470399999614
27.46470399999614
27.46470399999614
27.46470399999614
27.46470399999614
27.46470399999614
27.46470399999614
27.46470399999614
27.46470399999614
27.46470399999614
27.46470399999614
27.46470399999614
27.46470399999614
27.46470399999614
27.46470399999614
27.46470399999614
27.46470399999614
27.46470399999614
27.46470399999614
27.46470399999614
27.46470399999614
27.46470399999614
27.46470399999614
27.46470399999614
27.46470399999614
27.46470399999614
27.46470399999614
27.46470399999614
27.46470399999614
27.46470399999614
27.46470399999614
27.46470399999614
27.46470399999614
27.46470399999614
27.46470399999614
27.46470399999614
27.46470399999614
27.46470399999614
27.46470399999614
27.46470399999614
27.46470399999614
27.46470399999614
27.46470399999614
27.46470399999614
27.46470399999614
27.46470399999614
27.46470399999614
27.46470399999614
27.46470399999614
27.46470399999614
27.46470399999614
27.46470399999614
27.46470399999614
27.46470399999614
27.46470399999614
27.46470399999614
27.46470399999614
27.46470399999614
27.46470399999614
27.46470399999614
27.46470399999614
27.46470399999614
27.46470399999614
27.46470399999614
27.46470399999614
27.46470399999614
27.46470399999614
27.46470399999614
27.46470399999614
27.46470399999614
27.46470399999614
27.46470399999614
27.46470399999614
27.46470399999614
27.46470399999614
27.46470399999614
27.46470399999614
27.46470399999614
27.46470399999614
27.46470399999614
27.46470399999614
27.46470399999614
27.46470399999614
27.46470399999614
27.46470399999614
27.46470399999614
27.46470399999614
27.46470399999614
27.46470399999614
27.46470399999614
27.46470399999614
27.46470399999614
27.46470399999614
27.46470399999614
27.46470399999614
27.46470399999614
27.46470399999614
27.46470399999614
27.46470399999614
27.46470399999614
27.46470399999614
27.46470399999614
27.46470399999614
27.46470399999614
27.46470399999614
27.46470399999614
27.46470399999614
27.46470399999614
27.46470399999614
27.46470399999614
27.46470399999614
27.46470399999614
27.46470399999614
27.46470399999614
27.46470399999614
27.46470399999614
27.46470399999614
27.46470399999614
27.46470399999614
27.46470399999614
27.46470399999614
27.46470399999614
27.46470399999614
27.46470399999614
27.46470399999614
27.46470399999614
27.46470399999614
27.46470399999614
27.46470399999614
27.46470399999614
27.46470399999614
27.46470399999614
27.46470399999614
27.46470399999614
27.46470399999614
27.46470399999614
27.46470399999614
27.46470399999614
27.46470399999614
27.46470399999614
27.46470399999614
27.46470399999614
27.46470399999614
27.46470399999614
27.46470399999614
27.46470399999614
27.46470399999614
27.46470399999614
27.46470399999614
27.46470399999614
27.46470399999614
27.46470399999614
27.46470399999614
27.46470399999614
27.46470399999614
27.46470399999614
27.46470399999614
27.46470399999614
27.46470399999614
27.46470399999614
27.46470399999614
27.46470399999614
27.46470399999614
27.46470399999614
27.46470399999614
27.46470399999614
27.46470399999614
27.46470399999614
27.46470399999614
27.46470399999614
27.46470399999614
27.46470399999614
27.46470399999614
27.46470399999614
27.46470399999614
27.46470399999614
27.46470399999614
27.46470399999614
27.46470399999614
27.46470399999614
27.46470399999614
27.46470399999614
27.46470399999614
27.46470399999614
27.46470399999614
27.46470399999614
27.46470399999614
27.46470399999614
27.46470399999614
27.46470399999614
27.46470399999614
27.46470399999614
27.46470399999614
27.46470399999614
27.46470399999614
27.46470399999614
27.46470399999614
27.46470399999614
27.46470399999614
27.46470399999614
27.46470399999614
27.46470399999614
27.46470399999614
27.46470399999614
27.46470399999614
27.46470399999614
27.46470399999614
27.46470399999614
27.46470399999614
27.46470399999614
27.46470399999614
27.46470399999614
27.46470399999614
27.46470399999614
27.46470399999614
27.46470399999614
27.46470399999614
27.46470399999614
27.46470399999614
27.46470399999614
27.46470399999614
27.46470399999614
27.46470399999614
27.46470399999614
27.46470399999614
27.46470399999614
27.46470399999614
27.46470399999614
27.46470399999614
27.46470399999614
27.46470399999614
27.46470399999614
27.46470399999614
27.46470399999614
27.46470399999614
27.46470399999614
27.46470399999614
27.46470399999614
27.46470399999614
27.46470399999614
27.46470399999614
27.46470399999614
27.46470399999614
27.46470399999614
27.46470399999614
27.46470399999614
27.46470399999614
27.46470399999614
27.46470399999614
27.46470399999614
27.46470399999614
27.46470399999614
27.46470399999614
27.46470399999614
27.46470399999614
27.46470399999614
27.46470399999614
27.46470399999614
27.46470399999614
27.46470399999614
27.46470399999614
27.46470399999614
27.46470399999614
27.46470399999614
27.46470399999614
27.46470399999614
27.46470399999614
27.46470399999614
27.46470399999614
27.46470399999614
27.46470399999614
27.46470399999614
27.46470399999614
27.46470399999614
27.46470399999614
27.46470399999614
27.46470399999614
27.46470399999614
27.46470399999614
27.46470399999614
27.46470399999614
27.46470399999614
27.46470399999614
27.46470399999614
27.46470399999614
27.46470399999614
27.46470399999614
27.46470399999614
27.46470399999614
27.46470399999614
27.46470399999614
27.46470399999614
27.46470399999614
27.46470399999614
27.46470399999614
27.46470399999614
27.46470399999614
27.46470399999614
27.46470399999614
27.46470399999614
27.46470399999614
27.46470399999614
27.46470399999614
27.46470399999614
27.46470399999614
27.46470399999614
27.46470399999614
27.46470399999614
27.46470399999614
27.46470399999614
27.46470399999614
27.46470399999614
27.46470399999614
27.46470399999614
27.46470399999614
27.46470399999614
27.46470399999614
27.46470399999614
27.46470399999614
27.46470399999614
27.46470399999614
27.46470399999614
27.46470399999614
27.46470399999614
27.46470399999614
27.46470399999614
27.46470399999614
27.46470399999614
27.46470399999614
27.46470399999614
27.46470399999614
27.46470399999614
27.46470399999614
27.46470399999614
27.46470399999614
27.46470399999614
27.46470399999614
27.46470399999614
27.46470399999614
27.46470399999614
27.46470399999614
27.46470399999614
27.46470399999614
27.46470399999614
27.46470399999614
27.46470399999614
27.46470399999614
27.46470399999614
27.46470399999614
27.46470399999614
27.46470399999614
27.46470399999614
27.46470399999614
27.46470399999614
27.46470399999614
27.46470399999614
27.46470399999614
27.46470399999614
27.46470399999614
27.46470399999614
27.46470399999614
27.46470399999614
27.46470399999614
27.46470399999614
27.46470399999614
27.46470399999614
27.46470399999614
27.46470399999614
27.46470399999614
27.46470399999614
27.46470399999614
27.46470399999614
27.46470399999614
27.46470399999614
27.46470399999614
27.46470399999614
27.46470399999614
27.46470399999614
27.46470399999614
27.46470399999614
27.46470399999614
27.46470399999614
27.46470399999614
27.46470399999614
27.46470399999614
27.46470399999614
27.46470399999614
27.46470399999614
27.46470399999614
27.46470399999614
27.46470399999614
27.46470399999614
27.46470399999614
27.46470399999614
27.46470399999614
27.46470399999614
27.46470399999614
27.46470399999614
27.46470399999614
27.46470399999614
27.46470399999614
27.46470399999614
27.46470399999614
27.46470399999614
27.46470399999614
27.46470399999614
27.46470399999614
27.46470399999614
27.46470399999614
27.46470399999614
27.46470399999614
27.46470399999614
27.46470399999614
27.46470399999614
27.46470399999614
27.46470399999614
27.46470399999614
27.46470399999614
27.46470399999614
27.46470399999614
27.46470399999614
27.46470399999614
27.46470399999614
27.46470399999614
27.46470399999614
27.46470399999614
27.46470399999614
27.46470399999614
27.46470399999614
27.46470399999614
27.46470399999614
27.46470399999614
27.46470399999614
27.46470399999614
27.46470399999614
27.46470399999614
27.46470399999614
27.46470399999614
27.46470399999614
27.46470399999614
27.46470399999614
27.46470399999614
27.46470399999614
27.46470399999614
27.46470399999614
27.46470399999614
27.46470399999614
27.46470399999614
27.46470399999614
27.46470399999614
27.46470399999614
27.46470399999614
27.46470399999614
27.46470399999614
27.46470399999614
27.46470399999614
27.46470399999614
27.46470399999614
27.46470399999614
27.46470399999614
27.46470399999614
27.46470399999614
27.46470399999614
27.46470399999614
27.46470399999614
27.46470399999614
27.46470399999614
27.46470399999614
27.46470399999614
27.46470399999614
27.46470399999614
27.46470399999614
27.46470399999614
27.46470399999614
27.46470399999614
27.46470399999614
27.46470399999614
27.46470399999614
27.46470399999614
27.46470399999614
27.46470399999614
27.46470399999614
27.46470399999614
27.46470399999614
27.46470399999614
27.46470399999614
27.46470399999614
27.46470399999614
27.46470399999614
27.46470399999614
27.46470399999614
27.46470399999614
27.46470399999614
27.46470399999614
27.46470399999614
27.46470399999614
27.46470399999614
27.46470399999614
27.46470399999614
27.46470399999614
27.46470399999614
27.46470399999614
27.46470399999614
27.46470399999614
27.46470399999614
27.46470399999614
27.46470399999614
27.46470399999614
27.46470399999614
27.46470399999614
27.46470399999614
27.46470399999614
27.46470399999614
27.46470399999614
27.46470399999614
27.46470399999614
27.46470399999614
27.46470399999614
27.46470399999614
27.46470399999614
27.46470399999614
27.46470399999614
27.46470399999614
27.46470399999614
27.46470399999614
27.46470399999614
27.46470399999614
27.46470399999614
27.46470399999614
27.46470399999614
27.46470399999614
27.46470399999614
27.46470399999614
27.46470399999614
27.46470399999614
27.46470399999614
27.46470399999614
27.46470399999614
27.46470399999614
27.46470399999614
27.46470399999614
27.46470399999614
27.46470399999614
27.46470399999614
27.46470399999614
27.46470399999614
27.46470399999614
27.46470399999614
27.46470399999614
27.46470399999614
27.46470399999614
27.46470399999614
27.46470399999614
27.46470399999614
27.46470399999614
27.46470399999614
27.46470399999614
27.46470399999614
27.46470399999614
27.46470399999614
27.46470399999614
27.46470399999614
27.46470399999614
27.46470399999614
27.46470399999614
27.46470399999614
27.46470399999614
27.46470399999614
27.46470399999614
27.46470399999614
27.46470399999614
27.46470399999614
27.46470399999614
27.46470399999614
27.46470399999614
27.46470399999614
27.46470399999614
27.46470399999614
27.46470399999614
27.46470399999614
27.46470399999614
27.46470399999614
27.46470399999614
27.46470399999614
27.46470399999614
27.46470399999614
27.46470399999614
27.46470399999614
27.46470399999614
27.46470399999614
27.46470399999614
27.46470399999614
27.46470399999614
27.46470399999614
27.46470399999614
27.46470399999614
27.46470399999614
27.46470399999614
27.46470399999614
27.46470399999614
27.46470399999614
27.46470399999614
27.46470399999614
27.46470399999614
27.46470399999614
27.46470399999614
27.46470399999614
27.46470399999614
27.46470399999614
27.46470399999614
27.46470399999614
27.46470399999614
27.46470399999614
27.46470399999614
27.46470399999614
27.46470399999614
27.46470399999614
27.46470399999614
27.46470399999614
27.46470399999614
27.46470399999614
27.46470399999614
27.46470399999614
27.46470399999614
27.46470399999614
27.46470399999614
27.46470399999614
27.46470399999614
27.46470399999614
27.46470399999614
27.46470399999614
27.46470399999614
27.46470399999614
27.46470399999614
27.46470399999614
27.46470399999614
27.46470399999614
27.46470399999614
27.46470399999614
27.46470399999614
27.46470399999614
27.46470399999614
27.46470399999614
27.46470399999614
27.46470399999614
27.46470399999614
27.46470399999614
27.46470399999614
27.46470399999614
27.46470399999614
27.46470399999614
27.46470399999614
27.46470399999614
27.46470399999614
27.46470399999614
27.46470399999614
27.46470399999614
27.46470399999614
27.46470399999614
27.46470399999614
27.46470399999614
27.46470399999614
27.46470399999614
27.46470399999614
27.46470399999614
27.46470399999614
27.46470399999614
27.46470399999614
27.46470399999614
27.46470399999614
27.46470399999614
27.46470399999614
27.46470399999614
27.46470399999614
27.46470399999614
27.46470399999614
27.46470399999614
27.46470399999614
27.46470399999614
27.46470399999614
27.46470399999614
27.46470399999614
27.46470399999614
27.46470399999614
27.46470399999614
27.46470399999614
27.46470399999614
27.46470399999614
27.46470399999614
27.46470399999614
27.46470399999614
27.46470399999614
27.46470399999614
27.46470399999614
27.46470399999614
27.46470399999614
27.46470399999614
27.46470399999614
27.46470399999614
27.46470399999614
27.46470399999614
27.46470399999614
27.46470399999614
27.46470399999614
27.46470399999614
27.46470399999614
27.46470399999614
27.46470399999614
27.46470399999614
27.46470399999614
27.46470399999614
27.46470399999614
27.46470399999614
27.46470399999614
27.46470399999614
27.46470399999614
27.46470399999614
27.46470399999614
27.46470399999614
27.46470399999614
27.46470399999614
27.46470399999614
27.46470399999614
27.46470399999614
27.46470399999614
27.46470399999614
27.46470399999614
27.46470399999614
27.46470399999614
27.46470399999614
27.46470399999614
27.46470399999614
27.46470399999614
27.46470399999614
27.46470399999614
27.46470399999614
27.46470399999614
27.46470399999614
27.46470399999614
27.46470399999614
27.46470399999614
27.46470399999614
27.46470399999614
27.46470399999614
27.46470399999614
27.46470399999614
27.46470399999614
27.46470399999614
27.46470399999614
27.46470399999614
27.46470399999614
27.46470399999614
27.46470399999614
27.46470399999614
27.46470399999614
27.46470399999614
27.46470399999614
27.46470399999614
27.46470399999614
27.46470399999614
27.46470399999614
27.46470399999614
27.46470399999614
27.46470399999614
27.46470399999614
27.46470399999614
27.46470399999614
27.46470399999614
27.46470399999614
27.46470399999614
27.46470399999614
27.46470399999614
27.46470399999614
27.46470399999614
27.46470399999614
27.46470399999614
27.46470399999614
27.46470399999614
27.46470399999614
27.46470399999614
27.46470399999614
27.46470399999614
27.46470399999614
27.46470399999614
27.46470399999614
27.46470399999614
27.46470399999614
27.46470399999614
27.46470399999614
27.46470399999614
27.46470399999614
27.46470399999614
27.46470399999614
27.46470399999614
27.46470399999614
27.46470399999614
27.46470399999614
27.46470399999614
27.46470399999614
27.46470399999614
27.46470399999614
27.46470399999614
27.46470399999614
27.46470399999614
27.46470399999614
27.46470399999614
27.46470399999614
27.46470399999614
27.46470399999614
27.46470399999614
27.46470399999614
27.46470399999614
27.46470399999614
27.46470399999614
27.46470399999614
27.46470399999614
27.46470399999614
27.46470399999614
27.46470399999614
27.46470399999614
27.46470399999614
27.46470399999614
27.46470399999614
27.46470399999614
27.46470399999614
27.46470399999614
27.46470399999614
27.46470399999614
27.46470399999614
27.46470399999614
27.46470399999614
27.46470399999614
27.46470399999614
27.46470399999614
27.46470399999614
27.46470399999614
27.46470399999614
27.46470399999614
27.46470399999614
27.46470399999614
27.46470399999614
27.46470399999614
27.46470399999614
27.46470399999614
27.46470399999614
27.46470399999614
27.46470399999614
27.46470399999614
27.46470399999614
27.46470399999614
27.46470399999614
27.46470399999614
27.46470399999614
27.46470399999614
27.46470399999614
27.46470399999614
27.46470399999614
27.46470399999614
27.46470399999614
27.46470399999614
27.46470399999614
27.46470399999614
27.46470399999614
27.46470399999614
27.46470399999614
27.46470399999614
27.46470399999614
27.46470399999614
27.46470399999614
27.46470399999614
27.46470399999614
27.46470399999614
27.46470399999614
27.46470399999614
27.46470399999614
27.46470399999614
27.46470399999614
27.46470399999614
27.46470399999614
27.46470399999614
27.46470399999614
27.46470399999614
27.46470399999614
27.46470399999614
27.46470399999614
27.46470399999614
27.46470399999614
27.46470399999614
27.46470399999614
27.46470399999614
27.46470399999614
27.46470399999614
27.46470399999614
27.46470399999614
27.46470399999614
27.46470399999614
27.46470399999614
27.46470399999614
27.46470399999614
27.46470399999614
27.46470399999614
27.46470399999614
27.46470399999614
27.46470399999614
27.46470399999614
27.46470399999614
27.46470399999614
27.46470399999614
27.46470399999614
27.46470399999614
27.46470399999614
27.46470399999614
27.46470399999614
27.46470399999614
27.46470399999614
27.46470399999614
27.46470399999614
27.46470399999614
27.46470399999614
27.46470399999614
27.46470399999614
27.46470399999614
27.46470399999614
27.46470399999614
27.46470399999614
27.46470399999614
27.46470399999614
27.46470399999614
27.46470399999614
27.46470399999614
27.46470399999614
27.46470399999614
27.46470399999614
27.46470399999614
27.46470399999614
27.46470399999614
27.46470399999614
27.46470399999614
27.46470399999614
27.46470399999614
27.46470399999614
27.46470399999614
27.46470399999614
27.46470399999614
27.46470399999614
27.46470399999614
27.46470399999614
27.46470399999614
27.46470399999614
27.46470399999614
27.46470399999614
27.46470399999614
27.46470399999614
27.46470399999614
27.46470399999614
27.46470399999614
27.46470399999614
27.46470399999614
27.46470399999614
27.46470399999614
27.46470399999614
27.46470399999614
27.46470399999614
27.46470399999614
27.46470399999614
27.46470399999614
27.46470399999614
27.46470399999614
27.46470399999614
27.46470399999614
27.46470399999614
27.46470399999614
27.46470399999614
27.46470399999614
27.46470399999614
27.46470399999614
27.46470399999614
27.46470399999614
27.46470399999614
27.46470399999614
27.46470399999614
27.46470399999614
27.46470399999614
27.46470399999614
27.46470399999614
27.46470399999614
27.46470399999614
27.46470399999614
27.46470399999614
27.46470399999614
27.46470399999614
27.46470399999614
27.46470399999614
27.46470399999614
27.46470399999614
27.46470399999614
27.46470399999614
27.46470399999614
27.46470399999614
27.46470399999614
27.46470399999614
27.46470399999614
27.46470399999614
27.46470399999614
27.46470399999614
27.46470399999614
27.46470399999614
27.46470399999614
27.46470399999614
27.46470399999614
27.46470399999614
27.46470399999614
27.46470399999614
27.46470399999614
27.46470399999614
27.46470399999614
27.46470399999614
27.46470399999614
27.46470399999614
27.46470399999614
27.46470399999614
27.46470399999614
27.46470399999614
27.46470399999614
27.46470399999614
27.46470399999614
27.46470399999614
27.46470399999614
27.46470399999614
27.46470399999614
27.46470399999614
27.46470399999614
27.46470399999614
27.46470399999614
27.46470399999614
27.46470399999614
27.46470399999614
27.46470399999614
27.46470399999614
27.46470399999614
27.46470399999614
27.46470399999614
27.46470399999614
27.46470399999614
27.46470399999614
27.46470399999614
27.46470399999614
27.46470399999614
27.46470399999614
27.46470399999614
27.46470399999614
27.46470399999614
27.46470399999614
27.46470399999614
27.46470399999614
27.46470399999614
27.46470399999614
27.46470399999614
27.46470399999614
27.46470399999614
27.46470399999614
27.46470399999614
27.46470399999614
27.46470399999614
27.46470399999614
27.46470399999614
27.46470399999614
27.46470399999614
27.46470399999614
27.46470399999614
27.46470399999614
27.46470399999614
27.46470399999614
27.46470399999614
27.46470399999614
27.46470399999614
27.46470399999614
27.46470399999614
27.46470399999614
27.46470399999614
27.46470399999614
27.46470399999614
27.46470399999614
27.46470399999614
27.46470399999614
27.46470399999614
27.46470399999614
27.46470399999614
27.46470399999614
27.46470399999614
27.46470399999614
27.46470399999614
27.46470399999614
27.46470399999614
27.46470399999614
27.46470399999614
27.46470399999614
27.46470399999614
27.46470399999614
27.46470399999614
27.46470399999614
27.46470399999614
27.46470399999614
27.46470399999614
27.46470399999614
27.46470399999614
27.46470399999614
27.46470399999614
27.46470399999614
27.46470399999614
27.46470399999614
27.46470399999614
27.46470399999614
27.46470399999614
27.46470399999614
27.46470399999614
27.46470399999614
27.46470399999614
27.46470399999614
27.46470399999614
27.46470399999614
27.46470399999614
27.46470399999614
27.46470399999614
27.46470399999614
27.46470399999614
27.46470399999614
27.46470399999614
27.46470399999614
27.46470399999614
27.46470399999614
27.46470399999614
27.46470399999614
27.46470399999614
27.46470399999614
27.46470399999614
27.46470399999614
27.46470399999614
27.46470399999614
27.46470399999614
27.46470399999614
27.46470399999614
27.46470399999614
27.46470399999614
27.46470399999614
27.46470399999614
27.46470399999614
27.46470399999614
27.46470399999614
27.46470399999614
27.46470399999614
27.46470399999614
27.46470399999614
27.46470399999614
27.46470399999614
27.46470399999614
27.46470399999614
27.46470399999614
27.46470399999614
27.46470399999614
27.46470399999614
27.46470399999614
27.46470399999614
27.46470399999614
27.46470399999614
27.46470399999614
27.46470399999614
27.46470399999614
27.46470399999614
27.46470399999614
27.46470399999614
27.46470399999614
27.46470399999614
27.46470399999614
27.46470399999614
27.46470399999614
27.46470399999614
27.46470399999614
27.46470399999614
27.46470399999614
27.46470399999614
27.46470399999614
27.46470399999614
27.46470399999614
27.46470399999614
27.46470399999614
27.46470399999614
27.46470399999614
27.46470399999614
27.46470399999614
27.46470399999614
27.46470399999614
27.46470399999614
27.46470399999614
27.46470399999614
27.46470399999614
27.46470399999614
27.46470399999614
27.46470399999614
27.46470399999614
27.46470399999614
27.46470399999614
27.46470399999614
27.46470399999614
27.46470399999614
27.46470399999614
27.46470399999614
27.46470399999614
27.46470399999614
27.46470399999614
27.46470399999614
27.46470399999614
27.46470399999614
27.46470399999614
27.46470399999614
27.46470399999614
27.46470399999614
27.46470399999614
27.46470399999614
27.46470399999614
27.46470399999614
27.46470399999614
27.46470399999614
27.46470399999614
27.46470399999614
27.46470399999614
27.46470399999614
27.46470399999614
27.46470399999614
27.46470399999614
27.46470399999614
27.46470399999614
27.46470399999614
27.46470399999614
27.46470399999614
27.46470399999614
27.46470399999614
27.46470399999614
27.46470399999614
27.46470399999614
27.46470399999614
27.46470399999614
27.46470399999614
27.46470399999614
27.46470399999614
27.46470399999614
27.46470399999614
27.46470399999614
27.46470399999614
27.46470399999614
27.46470399999614
27.46470399999614
27.46470399999614
27.46470399999614
27.46470399999614
27.46470399999614
27.46470399999614
27.46470399999614
27.46470399999614
27.46470399999614
27.46470399999614
27.46470399999614
27.46470399999614
27.46470399999614
27.46470399999614
27.46470399999614
27.46470399999614
27.46470399999614
27.46470399999614
27.46470399999614
27.46470399999614
27.46470399999614
27.46470399999614
27.46470399999614
27.46470399999614
27.46470399999614
27.46470399999614
27.46470399999614
27.46470399999614
27.46470399999614
27.46470399999614
27.46470399999614
27.46470399999614
27.46470399999614
27.46470399999614
27.46470399999614
27.46470399999614
27.46470399999614
27.46470399999614
27.46470399999614
27.46470399999614
27.46470399999614
27.46470399999614
27.46470399999614
27.46470399999614
27.46470399999614
27.46470399999614
27.46470399999614
27.46470399999614
27.46470399999614
27.46470399999614
27.46470399999614
27.46470399999614
27.46470399999614
27.46470399999614
27.46470399999614
27.46470399999614
27.46470399999614
27.46470399999614
27.46470399999614
27.46470399999614
27.46470399999614
27.46470399999614
27.46470399999614
27.46470399999614
27.46470399999614
27.46470399999614
27.46470399999614
27.46470399999614
27.46470399999614
27.46470399999614
27.46470399999614
27.46470399999614
27.46470399999614
27.46470399999614
27.46470399999614
27.46470399999614
27.46470399999614
27.46470399999614
27.46470399999614
27.46470399999614
27.46470399999614
27.46470399999614
27.46470399999614
27.46470399999614
27.46470399999614
27.46470399999614
27.46470399999614
27.46470399999614
27.46470399999614
27.46470399999614
27.46470399999614
27.46470399999614
27.46470399999614
27.46470399999614
27.46470399999614
27.46470399999614
27.46470399999614
27.46470399999614
27.46470399999614
27.46470399999614
27.46470399999614
27.46470399999614
27.46470399999614
27.46470399999614
27.46470399999614
27.46470399999614
27.46470399999614
27.46470399999614
27.46470399999614
27.46470399999614
27.46470399999614
27.46470399999614
27.46470399999614
27.46470399999614
27.46470399999614
27.46470399999614
27.46470399999614
27.46470399999614
27.46470399999614
27.46470399999614
27.46470399999614
27.46470399999614
27.46470399999614
27.46470399999614
27.46470399999614
27.46470399999614
27.46470399999614
27.46470399999614
27.46470399999614
27.46470399999614
27.46470399999614
27.46470399999614
27.46470399999614
27.46470399999614
27.46470399999614
27.46470399999614
27.46470399999614
27.46470399999614
27.46470399999614
27.46470399999614
27.46470399999614
27.46470399999614
27.46470399999614
27.46470399999614
27.46470399999614
27.46470399999614
27.46470399999614
27.46470399999614
27.46470399999614
27.46470399999614
27.46470399999614
27.46470399999614
27.46470399999614
27.46470399999614
27.46470399999614
27.46470399999614
27.46470399999614
27.46470399999614
27.46470399999614
27.46470399999614
27.46470399999614
27.46470399999614
27.46470399999614
27.46470399999614
27.46470399999614
27.46470399999614
27.46470399999614
27.46470399999614
27.46470399999614
27.46470399999614
27.46470399999614
27.46470399999614
27.46470399999614
27.46470399999614
27.46470399999614
27.46470399999614
27.46470399999614
27.46470399999614
27.46470399999614
27.46470399999614
27.46470399999614
27.46470399999614
27.46470399999614
27.46470399999614
27.46470399999614
27.46470399999614
27.46470399999614
27.46470399999614
27.46470399999614
27.46470399999614
27.46470399999614
27.46470399999614
27.46470399999614
27.46470399999614
27.46470399999614
27.46470399999614
27.46470399999614
27.46470399999614
27.46470399999614
27.46470399999614
27.46470399999614
27.46470399999614
27.46470399999614
27.46470399999614
27.46470399999614
27.46470399999614
27.46470399999614
27.46470399999614
27.46470399999614
27.46470399999614
27.46470399999614
27.46470399999614
27.46470399999614
27.46470399999614
27.46470399999614
27.46470399999614
27.46470399999614
27.46470399999614
27.46470399999614
27.46470399999614
27.46470399999614
27.46470399999614
27.46470399999614
27.46470399999614
27.46470399999614
27.46470399999614
27.46470399999614
27.46470399999614
27.46470399999614
27.46470399999614
27.46470399999614
27.46470399999614
27.46470399999614
27.46470399999614
27.46470399999614
27.46470399999614
27.46470399999614
27.46470399999614
27.46470399999614
27.46470399999614
27.46470399999614
27.46470399999614
27.46470399999614
27.46470399999614
27.46470399999614
27.46470399999614
27.46470399999614
27.46470399999614
27.46470399999614
27.46470399999614
27.46470399999614
27.46470399999614
27.46470399999614
27.46470399999614
27.46470399999614
27.46470399999614
27.46470399999614
27.46470399999614
27.46470399999614
27.46470399999614
27.46470399999614
27.46470399999614
27.46470399999614
27.46470399999614
27.46470399999614
27.46470399999614
27.46470399999614
27.46470399999614
27.46470399999614
27.46470399999614
27.46470399999614
27.46470399999614
27.46470399999614
27.46470399999614
27.46470399999614
27.46470399999614
27.46470399999614
27.46470399999614
27.46470399999614
27.46470399999614
27.46470399999614
27.46470399999614
27.46470399999614
27.46470399999614
27.46470399999614
27.46470399999614
27.46470399999614
27.46470399999614
27.46470399999614
27.46470399999614
27.46470399999614
27.46470399999614
27.46470399999614
27.46470399999614
27.46470399999614
27.46470399999614
27.46470399999614
27.46470399999614
27.46470399999614
27.46470399999614
27.46470399999614
27.46470399999614
27.46470399999614
27.46470399999614
27.46470399999614
27.46470399999614
27.46470399999614
27.46470399999614
27.46470399999614
27.46470399999614
27.46470399999614
27.46470399999614
27.46470399999614
27.46470399999614
27.46470399999614
27.46470399999614
27.46470399999614
27.46470399999614
27.46470399999614
27.46470399999614
27.46470399999614
27.46470399999614
27.46470399999614
27.46470399999614
27.46470399999614
27.46470399999614
27.46470399999614
27.46470399999614
27.46470399999614
27.46470399999614
27.46470399999614
27.46470399999614
27.46470399999614
27.46470399999614
27.46470399999614
27.46470399999614
27.46470399999614
27.46470399999614
27.46470399999614
27.46470399999614
27.46470399999614
27.46470399999614
27.46470399999614
27.46470399999614
27.46470399999614
27.46470399999614
27.46470399999614
27.46470399999614
27.46470399999614
27.46470399999614
27.46470399999614
27.46470399999614
27.46470399999614
27.46470399999614
27.46470399999614
27.46470399999614
27.46470399999614
27.46470399999614
27.46470399999614
27.46470399999614
27.46470399999614
27.46470399999614
27.46470399999614
27.46470399999614
27.46470399999614
27.46470399999614
27.46470399999614
27.46470399999614
27.46470399999614
27.46470399999614
27.46470399999614
27.46470399999614
27.46470399999614
27.46470399999614
27.46470399999614
27.46470399999614
27.46470399999614
27.46470399999614
27.46470399999614
27.46470399999614
27.46470399999614
27.46470399999614
27.46470399999614
27.46470399999614
27.46470399999614
27.46470399999614
27.46470399999614
27.46470399999614
27.46470399999614
27.46470399999614
27.46470399999614
27.46470399999614
27.46470399999614
27.46470399999614
27.46470399999614
27.46470399999614
27.46470399999614
27.46470399999614
27.46470399999614
27.46470399999614
27.46470399999614
27.46470399999614
27.46470399999614
27.46470399999614
27.46470399999614
27.46470399999614
27.46470399999614
27.46470399999614
27.46470399999614
27.46470399999614
27.46470399999614
27.46470399999614
27.46470399999614
27.46470399999614
27.46470399999614
27.46470399999614
27.46470399999614
27.46470399999614
27.46470399999614
27.46470399999614
27.46470399999614
27.46470399999614
27.46470399999614
27.46470399999614
27.46470399999614
27.46470399999614
27.46470399999614
27.46470399999614
27.46470399999614
27.46470399999614
27.46470399999614
27.46470399999614
27.46470399999614
27.46470399999614
27.46470399999614
27.46470399999614
27.46470399999614
27.46470399999614
27.46470399999614
27.46470399999614
27.46470399999614
27.46470399999614
27.46470399999614
27.46470399999614
27.46470399999614
27.46470399999614
27.46470399999614
27.46470399999614
27.46470399999614
27.46470399999614
27.46470399999614
27.46470399999614
27.46470399999614
27.46470399999614
27.46470399999614
27.46470399999614
27.46470399999614
27.46470399999614
27.46470399999614
27.46470399999614
27.46470399999614
27.46470399999614
27.46470399999614
27.46470399999614
27.46470399999614
27.46470399999614
27.46470399999614
27.46470399999614
27.46470399999614
27.46470399999614
27.46470399999614
27.46470399999614
27.46470399999614
27.46470399999614
27.46470399999614
27.46470399999614
27.46470399999614
27.46470399999614
27.46470399999614
27.46470399999614
27.46470399999614
27.46470399999614
27.46470399999614
27.46470399999614
27.46470399999614
27.46470399999614
27.46470399999614
27.46470399999614
27.46470399999614
27.46470399999614
27.46470399999614
27.46470399999614
27.46470399999614
27.46470399999614
27.46470399999614
27.46470399999614
27.46470399999614
27.46470399999614
27.46470399999614
27.46470399999614
27.46470399999614
27.46470399999614
27.46470399999614
27.46470399999614
27.46470399999614
27.46470399999614
27.46470399999614
27.46470399999614
27.46470399999614
27.46470399999614
27.46470399999614
27.46470399999614
27.46470399999614
27.46470399999614
27.46470399999614
27.46470399999614
27.46470399999614
27.46470399999614
27.46470399999614
27.46470399999614
27.46470399999614
27.46470399999614
27.46470399999614
27.46470399999614
27.46470399999614
27.46470399999614
27.46470399999614
27.46470399999614
27.46470399999614
27.46470399999614
27.46470399999614
27.46470399999614
27.46470399999614
27.46470399999614
27.46470399999614
27.46470399999614
27.46470399999614
27.46470399999614
27.46470399999614
27.46470399999614
27.46470399999614
27.46470399999614
27.46470399999614
27.46470399999614
27.46470399999614
27.46470399999614
27.46470399999614
27.46470399999614
27.46470399999614
27.46470399999614
27.46470399999614
27.46470399999614
27.46470399999614
27.46470399999614
27.46470399999614
27.46470399999614
27.46470399999614
27.46470399999614
27.46470399999614
27.46470399999614
27.46470399999614
27.46470399999614
27.46470399999614
27.46470399999614
27.46470399999614
27.46470399999614
27.46470399999614
27.46470399999614
27.46470399999614
27.46470399999614
27.46470399999614
27.46470399999614
27.46470399999614
27.46470399999614
27.46470399999614
27.46470399999614
27.46470399999614
27.46470399999614
27.46470399999614
27.46470399999614
27.46470399999614
27.46470399999614
27.46470399999614
27.46470399999614
27.46470399999614
27.46470399999614
27.46470399999614
27.46470399999614
27.46470399999614
27.46470399999614
27.46470399999614
27.46470399999614
27.46470399999614
27.46470399999614
27.46470399999614
27.46470399999614
27.46470399999614
27.46470399999614
27.46470399999614
27.46470399999614
27.46470399999614
27.46470399999614
27.46470399999614
27.46470399999614
27.46470399999614
27.46470399999614
27.46470399999614
27.46470399999614
27.46470399999614
27.46470399999614
27.46470399999614
27.46470399999614
27.46470399999614
27.46470399999614
27.46470399999614
27.46470399999614
27.46470399999614
27.46470399999614
27.46470399999614
27.46470399999614
27.46470399999614
27.46470399999614
27.46470399999614
27.46470399999614
27.46470399999614
27.46470399999614
27.46470399999614
27.46470399999614
27.46470399999614
27.46470399999614
27.46470399999614
27.46470399999614
27.46470399999614
27.46470399999614
27.46470399999614
27.46470399999614
27.46470399999614
27.46470399999614
27.46470399999614
27.46470399999614
27.46470399999614
27.46470399999614
27.46470399999614
27.46470399999614
27.46470399999614
27.46470399999614
27.46470399999614
27.46470399999614
27.46470399999614
27.46470399999614
27.46470399999614
27.46470399999614
27.46470399999614
27.46470399999614
27.46470399999614
27.46470399999614
27.46470399999614
27.46470399999614
27.46470399999614
27.46470399999614
27.46470399999614
27.46470399999614
27.46470399999614
27.46470399999614
27.46470399999614
27.46470399999614
27.46470399999614
27.46470399999614
27.46470399999614
27.46470399999614
27.46470399999614
27.46470399999614
27.46470399999614
27.46470399999614
27.46470399999614
27.46470399999614
27.46470399999614
27.46470399999614
27.46470399999614
27.46470399999614
27.46470399999614
27.46470399999614
27.46470399999614
27.46470399999614
27.46470399999614
27.46470399999614
27.46470399999614
27.46470399999614
27.46470399999614
27.46470399999614
27.46470399999614
27.46470399999614
27.46470399999614
27.46470399999614
27.46470399999614
27.46470399999614
27.46470399999614
27.46470399999614
27.46470399999614
27.46470399999614
27.46470399999614
27.46470399999614
27.46470399999614
27.46470399999614
27.46470399999614
27.46470399999614
27.46470399999614
27.46470399999614
27.46470399999614
27.46470399999614
27.46470399999614
27.46470399999614
27.46470399999614
27.46470399999614
27.46470399999614
27.46470399999614
27.46470399999614
27.46470399999614
27.46470399999614
27.46470399999614
27.46470399999614
27.46470399999614
27.46470399999614
27.46470399999614
27.46470399999614
27.46470399999614
27.46470399999614
27.46470399999614
27.46470399999614
27.46470399999614
27.46470399999614
27.46470399999614
27.46470399999614
27.46470399999614
27.46470399999614
27.46470399999614
27.46470399999614
27.46470399999614
27.46470399999614
27.46470399999614
27.46470399999614
27.46470399999614
27.46470399999614
27.46470399999614
27.46470399999614
27.46470399999614
27.46470399999614
27.46470399999614
27.46470399999614
27.46470399999614
27.46470399999614
27.46470399999614
27.46470399999614
27.46470399999614
27.46470399999614
27.46470399999614
27.46470399999614
27.46470399999614
27.46470399999614
27.46470399999614
27.46470399999614
27.46470399999614
27.46470399999614
27.46470399999614
27.46470399999614
27.46470399999614
27.46470399999614
27.46470399999614
27.46470399999614
27.46470399999614
27.46470399999614
27.46470399999614
27.46470399999614
27.46470399999614
27.46470399999614
27.46470399999614
27.46470399999614
27.46470399999614
27.46470399999614
27.46470399999614
27.46470399999614
27.46470399999614
27.46470399999614
27.46470399999614
27.46470399999614
27.46470399999614
27.46470399999614
27.46470399999614
27.46470399999614
27.46470399999614
27.46470399999614
27.46470399999614
27.46470399999614
27.46470399999614
27.46470399999614
27.46470399999614
27.46470399999614
27.46470399999614
27.46470399999614
27.46470399999614
27.46470399999614
27.46470399999614
27.46470399999614
27.46470399999614
27.46470399999614
27.46470399999614
27.46470399999614
27.46470399999614
27.46470399999614
27.46470399999614
27.46470399999614
27.46470399999614
27.46470399999614
27.46470399999614
27.46470399999614
27.46470399999614
27.46470399999614
27.46470399999614
27.46470399999614
27.46470399999614
27.46470399999614
27.46470399999614
27.46470399999614
27.46470399999614
27.46470399999614
27.46470399999614
27.46470399999614
27.46470399999614
27.46470399999614
27.46470399999614
27.46470399999614
27.46470399999614
27.46470399999614
27.46470399999614
27.46470399999614
27.46470399999614
27.46470399999614
27.46470399999614
27.46470399999614
27.46470399999614
27.46470399999614
27.46470399999614
27.46470399999614
27.46470399999614
27.46470399999614
27.46470399999614
27.46470399999614
27.46470399999614
27.46470399999614
27.46470399999614
27.46470399999614
27.46470399999614
27.46470399999614
27.46470399999614
27.46470399999614
27.46470399999614
27.46470399999614
27.46470399999614
27.46470399999614
27.46470399999614
27.46470399999614
27.46470399999614
27.46470399999614
27.46470399999614
27.46470399999614
27.46470399999614
27.46470399999614
27.46470399999614
27.46470399999614
27.46470399999614
27.46470399999614
27.46470399999614
27.46470399999614
27.46470399999614
27.46470399999614
27.46470399999614
27.46470399999614
27.46470399999614
27.46470399999614
27.46470399999614
27.46470399999614
27.46470399999614
27.46470399999614
27.46470399999614
27.46470399999614
27.46470399999614
27.46470399999614
27.46470399999614
27.46470399999614
27.46470399999614
27.46470399999614
27.46470399999614
27.46470399999614
27.46470399999614
27.46470399999614
27.46470399999614
