37.46484700000038
37.46484700000038
37.46484700000038
37.46484700000038
37.46484700000038
37.46484700000038
37.46484700000038
37.46484700000038
37.46484700000038
37.46484700000038
37.46484700000038
37.46484700000038
37.46484700000038
37.46484700000038
37.46484700000038
37.46484700000038
37.46484700000038
37.46484700000038
37.46484700000038
37.46484700000038
37.46484700000038
37.46484700000038
37.46484700000038
37.46484700000038
37.46484700000038
37.46484700000038
37.46484700000038
37.46484700000038
37.46484700000038
37.46484700000038
37.46484700000038
37.46484700000038
37.46484700000038
37.46484700000038
37.46484700000038
37.46484700000038
37.46484700000038
37.46484700000038
37.46484700000038
37.46484700000038
37.46484700000038
37.46484700000038
37.46484700000038
37.46484700000038
37.46484700000038
37.46484700000038
37.46484700000038
37.46484700000038
37.46484700000038
37.46484700000038
37.46484700000038
37.46484700000038
37.46484700000038
37.46484700000038
37.46484700000038
37.46484700000038
37.46484700000038
37.46484700000038
37.46484700000038
37.46484700000038
37.46484700000038
37.46484700000038
37.46484700000038
37.46484700000038
37.46484700000038
37.46484700000038
37.46484700000038
37.46484700000038
37.46484700000038
37.46484700000038
37.46484700000038
37.46484700000038
37.46484700000038
37.46484700000038
37.46484700000038
37.46484700000038
37.46484700000038
37.46484700000038
37.46484700000038
37.46484700000038
37.46484700000038
37.46484700000038
37.46484700000038
37.46484700000038
37.46484700000038
37.46484700000038
37.46484700000038
37.46484700000038
37.46484700000038
37.46484700000038
37.46484700000038
37.46484700000038
37.46484700000038
37.46484700000038
37.46484700000038
37.46484700000038
37.46484700000038
37.46484700000038
37.46484700000038
37.46484700000038
37.46484700000038
37.46484700000038
37.46484700000038
37.46484700000038
37.46484700000038
37.46484700000038
37.46484700000038
37.46484700000038
37.46484700000038
37.46484700000038
37.46484700000038
37.46484700000038
37.46484700000038
37.46484700000038
37.46484700000038
37.46484700000038
37.46484700000038
37.46484700000038
37.46484700000038
37.46484700000038
37.46484700000038
37.46484700000038
37.46484700000038
37.46484700000038
37.46484700000038
37.46484700000038
37.46484700000038
37.46484700000038
37.46484700000038
37.46484700000038
37.46484700000038
37.46484700000038
37.46484700000038
37.46484700000038
37.46484700000038
37.46484700000038
37.46484700000038
37.46484700000038
37.46484700000038
37.46484700000038
37.46484700000038
37.46484700000038
37.46484700000038
37.46484700000038
37.46484700000038
37.46484700000038
37.46484700000038
37.46484700000038
37.46484700000038
37.46484700000038
37.46484700000038
37.46484700000038
37.46484700000038
37.46484700000038
37.46484700000038
37.46484700000038
37.46484700000038
37.46484700000038
37.46484700000038
37.46484700000038
37.46484700000038
37.46484700000038
37.46484700000038
37.46484700000038
37.46484700000038
37.46484700000038
37.46484700000038
37.46484700000038
37.46484700000038
37.46484700000038
37.46484700000038
37.46484700000038
37.46484700000038
37.46484700000038
37.46484700000038
37.46484700000038
37.46484700000038
37.46484700000038
37.46484700000038
37.46484700000038
37.46484700000038
37.46484700000038
37.46484700000038
37.46484700000038
37.46484700000038
37.46484700000038
37.46484700000038
37.46484700000038
37.46484700000038
37.46484700000038
37.46484700000038
37.46484700000038
37.46484700000038
37.46484700000038
37.46484700000038
37.46484700000038
37.46484700000038
37.46484700000038
37.46484700000038
37.46484700000038
37.46484700000038
37.46484700000038
37.46484700000038
37.46484700000038
37.46484700000038
37.46484700000038
37.46484700000038
37.46484700000038
37.46484700000038
37.46484700000038
37.46484700000038
37.46484700000038
37.46484700000038
37.46484700000038
37.46484700000038
37.46484700000038
37.46484700000038
37.46484700000038
37.46484700000038
37.46484700000038
37.46484700000038
37.46484700000038
37.46484700000038
37.46484700000038
37.46484700000038
37.46484700000038
37.46484700000038
37.46484700000038
37.46484700000038
37.46484700000038
37.46484700000038
37.46484700000038
37.46484700000038
37.46484700000038
37.46484700000038
37.46484700000038
37.46484700000038
37.46484700000038
37.46484700000038
37.46484700000038
37.46484700000038
37.46484700000038
37.46484700000038
37.46484700000038
37.46484700000038
37.46484700000038
37.46484700000038
37.46484700000038
37.46484700000038
37.46484700000038
37.46484700000038
37.46484700000038
37.46484700000038
37.46484700000038
37.46484700000038
37.46484700000038
37.46484700000038
37.46484700000038
37.46484700000038
37.46484700000038
37.46484700000038
37.46484700000038
37.46484700000038
37.46484700000038
37.46484700000038
37.46484700000038
37.46484700000038
37.46484700000038
37.46484700000038
37.46484700000038
37.46484700000038
37.46484700000038
37.46484700000038
37.46484700000038
37.46484700000038
37.46484700000038
37.46484700000038
37.46484700000038
37.46484700000038
37.46484700000038
37.46484700000038
37.46484700000038
37.46484700000038
37.46484700000038
37.46484700000038
37.46484700000038
37.46484700000038
37.46484700000038
37.46484700000038
37.46484700000038
37.46484700000038
37.46484700000038
37.46484700000038
37.46484700000038
37.46484700000038
37.46484700000038
37.46484700000038
37.46484700000038
37.46484700000038
37.46484700000038
37.46484700000038
37.46484700000038
37.46484700000038
37.46484700000038
37.46484700000038
37.46484700000038
37.46484700000038
37.46484700000038
37.46484700000038
37.46484700000038
37.46484700000038
37.46484700000038
37.46484700000038
37.46484700000038
37.46484700000038
37.46484700000038
37.46484700000038
37.46484700000038
37.46484700000038
37.46484700000038
37.46484700000038
37.46484700000038
37.46484700000038
37.46484700000038
37.46484700000038
37.46484700000038
37.46484700000038
37.46484700000038
37.46484700000038
37.46484700000038
37.46484700000038
37.46484700000038
37.46484700000038
37.46484700000038
37.46484700000038
37.46484700000038
37.46484700000038
37.46484700000038
37.46484700000038
37.46484700000038
37.46484700000038
37.46484700000038
37.46484700000038
37.46484700000038
37.46484700000038
37.46484700000038
37.46484700000038
37.46484700000038
37.46484700000038
37.46484700000038
37.46484700000038
37.46484700000038
37.46484700000038
37.46484700000038
37.46484700000038
37.46484700000038
37.46484700000038
37.46484700000038
37.46484700000038
37.46484700000038
37.46484700000038
37.46484700000038
37.46484700000038
37.46484700000038
37.46484700000038
37.46484700000038
37.46484700000038
37.46484700000038
37.46484700000038
37.46484700000038
37.46484700000038
37.46484700000038
37.46484700000038
37.46484700000038
37.46484700000038
37.46484700000038
37.46484700000038
37.46484700000038
37.46484700000038
37.46484700000038
37.46484700000038
37.46484700000038
37.46484700000038
37.46484700000038
37.46484700000038
37.46484700000038
37.46484700000038
37.46484700000038
37.46484700000038
37.46484700000038
37.46484700000038
37.46484700000038
37.46484700000038
37.46484700000038
37.46484700000038
37.46484700000038
37.46484700000038
37.46484700000038
37.46484700000038
37.46484700000038
37.46484700000038
37.46484700000038
37.46484700000038
37.46484700000038
37.46484700000038
37.46484700000038
37.46484700000038
37.46484700000038
37.46484700000038
37.46484700000038
37.46484700000038
37.46484700000038
37.46484700000038
37.46484700000038
37.46484700000038
37.46484700000038
37.46484700000038
37.46484700000038
37.46484700000038
37.46484700000038
37.46484700000038
37.46484700000038
37.46484700000038
37.46484700000038
37.46484700000038
37.46484700000038
37.46484700000038
37.46484700000038
37.46484700000038
37.46484700000038
37.46484700000038
37.46484700000038
37.46484700000038
37.46484700000038
37.46484700000038
37.46484700000038
37.46484700000038
37.46484700000038
37.46484700000038
37.46484700000038
37.46484700000038
37.46484700000038
37.46484700000038
37.46484700000038
37.46484700000038
37.46484700000038
37.46484700000038
37.46484700000038
37.46484700000038
37.46484700000038
37.46484700000038
37.46484700000038
37.46484700000038
37.46484700000038
37.46484700000038
37.46484700000038
37.46484700000038
37.46484700000038
37.46484700000038
37.46484700000038
37.46484700000038
37.46484700000038
37.46484700000038
37.46484700000038
37.46484700000038
37.46484700000038
37.46484700000038
37.46484700000038
37.46484700000038
37.46484700000038
37.46484700000038
37.46484700000038
37.46484700000038
37.46484700000038
37.46484700000038
37.46484700000038
37.46484700000038
37.46484700000038
37.46484700000038
37.46484700000038
37.46484700000038
37.46484700000038
37.46484700000038
37.46484700000038
37.46484700000038
37.46484700000038
37.46484700000038
37.46484700000038
37.46484700000038
37.46484700000038
37.46484700000038
37.46484700000038
37.46484700000038
37.46484700000038
37.46484700000038
37.46484700000038
37.46484700000038
37.46484700000038
37.46484700000038
37.46484700000038
37.46484700000038
37.46484700000038
37.46484700000038
37.46484700000038
37.46484700000038
37.46484700000038
37.46484700000038
37.46484700000038
37.46484700000038
37.46484700000038
37.46484700000038
37.46484700000038
37.46484700000038
37.46484700000038
37.46484700000038
37.46484700000038
37.46484700000038
37.46484700000038
37.46484700000038
37.46484700000038
37.46484700000038
37.46484700000038
37.46484700000038
37.46484700000038
37.46484700000038
37.46484700000038
37.46484700000038
37.46484700000038
37.46484700000038
37.46484700000038
37.46484700000038
37.46484700000038
37.46484700000038
37.46484700000038
37.46484700000038
37.46484700000038
37.46484700000038
37.46484700000038
37.46484700000038
37.46484700000038
37.46484700000038
37.46484700000038
37.46484700000038
37.46484700000038
37.46484700000038
37.46484700000038
37.46484700000038
37.46484700000038
37.46484700000038
37.46484700000038
37.46484700000038
37.46484700000038
37.46484700000038
37.46484700000038
37.46484700000038
37.46484700000038
37.46484700000038
37.46484700000038
37.46484700000038
37.46484700000038
37.46484700000038
37.46484700000038
37.46484700000038
37.46484700000038
37.46484700000038
37.46484700000038
37.46484700000038
37.46484700000038
37.46484700000038
37.46484700000038
37.46484700000038
37.46484700000038
37.46484700000038
37.46484700000038
37.46484700000038
37.46484700000038
37.46484700000038
37.46484700000038
37.46484700000038
37.46484700000038
37.46484700000038
37.46484700000038
37.46484700000038
37.46484700000038
37.46484700000038
37.46484700000038
37.46484700000038
37.46484700000038
37.46484700000038
37.46484700000038
37.46484700000038
37.46484700000038
37.46484700000038
37.46484700000038
37.46484700000038
37.46484700000038
37.46484700000038
37.46484700000038
37.46484700000038
37.46484700000038
37.46484700000038
37.46484700000038
37.46484700000038
37.46484700000038
37.46484700000038
37.46484700000038
37.46484700000038
37.46484700000038
37.46484700000038
37.46484700000038
37.46484700000038
37.46484700000038
37.46484700000038
37.46484700000038
37.46484700000038
37.46484700000038
37.46484700000038
37.46484700000038
37.46484700000038
37.46484700000038
37.46484700000038
37.46484700000038
37.46484700000038
37.46484700000038
37.46484700000038
37.46484700000038
37.46484700000038
37.46484700000038
37.46484700000038
37.46484700000038
37.46484700000038
37.46484700000038
37.46484700000038
37.46484700000038
37.46484700000038
37.46484700000038
37.46484700000038
37.46484700000038
37.46484700000038
37.46484700000038
37.46484700000038
37.46484700000038
37.46484700000038
37.46484700000038
37.46484700000038
37.46484700000038
37.46484700000038
37.46484700000038
37.46484700000038
37.46484700000038
37.46484700000038
37.46484700000038
37.46484700000038
37.46484700000038
37.46484700000038
37.46484700000038
37.46484700000038
37.46484700000038
37.46484700000038
37.46484700000038
37.46484700000038
37.46484700000038
37.46484700000038
37.46484700000038
37.46484700000038
37.46484700000038
37.46484700000038
37.46484700000038
37.46484700000038
37.46484700000038
37.46484700000038
37.46484700000038
37.46484700000038
37.46484700000038
37.46484700000038
37.46484700000038
37.46484700000038
37.46484700000038
37.46484700000038
37.46484700000038
37.46484700000038
37.46484700000038
37.46484700000038
37.46484700000038
37.46484700000038
37.46484700000038
37.46484700000038
37.46484700000038
37.46484700000038
37.46484700000038
37.46484700000038
37.46484700000038
37.46484700000038
37.46484700000038
37.46484700000038
37.46484700000038
37.46484700000038
37.46484700000038
37.46484700000038
37.46484700000038
37.46484700000038
37.46484700000038
37.46484700000038
37.46484700000038
37.46484700000038
37.46484700000038
37.46484700000038
37.46484700000038
37.46484700000038
37.46484700000038
37.46484700000038
37.46484700000038
37.46484700000038
37.46484700000038
37.46484700000038
37.46484700000038
37.46484700000038
37.46484700000038
37.46484700000038
37.46484700000038
37.46484700000038
37.46484700000038
37.46484700000038
37.46484700000038
37.46484700000038
37.46484700000038
37.46484700000038
37.46484700000038
37.46484700000038
37.46484700000038
37.46484700000038
37.46484700000038
37.46484700000038
37.46484700000038
37.46484700000038
37.46484700000038
37.46484700000038
37.46484700000038
37.46484700000038
37.46484700000038
37.46484700000038
37.46484700000038
37.46484700000038
37.46484700000038
37.46484700000038
37.46484700000038
37.46484700000038
37.46484700000038
37.46484700000038
37.46484700000038
37.46484700000038
37.46484700000038
37.46484700000038
37.46484700000038
37.46484700000038
37.46484700000038
37.46484700000038
37.46484700000038
37.46484700000038
37.46484700000038
37.46484700000038
37.46484700000038
37.46484700000038
37.46484700000038
37.46484700000038
37.46484700000038
37.46484700000038
37.46484700000038
37.46484700000038
37.46484700000038
37.46484700000038
37.46484700000038
37.46484700000038
37.46484700000038
37.46484700000038
37.46484700000038
37.46484700000038
37.46484700000038
37.46484700000038
37.46484700000038
37.46484700000038
37.46484700000038
37.46484700000038
37.46484700000038
37.46484700000038
37.46484700000038
37.46484700000038
37.46484700000038
37.46484700000038
37.46484700000038
37.46484700000038
37.46484700000038
37.46484700000038
37.46484700000038
37.46484700000038
37.46484700000038
37.46484700000038
37.46484700000038
37.46484700000038
37.46484700000038
37.46484700000038
37.46484700000038
37.46484700000038
37.46484700000038
37.46484700000038
37.46484700000038
37.46484700000038
37.46484700000038
37.46484700000038
37.46484700000038
37.46484700000038
37.46484700000038
37.46484700000038
37.46484700000038
37.46484700000038
37.46484700000038
37.46484700000038
37.46484700000038
37.46484700000038
37.46484700000038
37.46484700000038
37.46484700000038
37.46484700000038
37.46484700000038
37.46484700000038
37.46484700000038
37.46484700000038
37.46484700000038
37.46484700000038
37.46484700000038
37.46484700000038
37.46484700000038
37.46484700000038
37.46484700000038
37.46484700000038
37.46484700000038
37.46484700000038
37.46484700000038
37.46484700000038
37.46484700000038
37.46484700000038
37.46484700000038
37.46484700000038
37.46484700000038
37.46484700000038
37.46484700000038
37.46484700000038
37.46484700000038
37.46484700000038
37.46484700000038
37.46484700000038
37.46484700000038
37.46484700000038
37.46484700000038
37.46484700000038
37.46484700000038
37.46484700000038
37.46484700000038
37.46484700000038
37.46484700000038
37.46484700000038
37.46484700000038
37.46484700000038
37.46484700000038
37.46484700000038
37.46484700000038
37.46484700000038
37.46484700000038
37.46484700000038
37.46484700000038
37.46484700000038
37.46484700000038
37.46484700000038
37.46484700000038
37.46484700000038
37.46484700000038
37.46484700000038
37.46484700000038
37.46484700000038
37.46484700000038
37.46484700000038
37.46484700000038
37.46484700000038
37.46484700000038
37.46484700000038
37.46484700000038
37.46484700000038
37.46484700000038
37.46484700000038
37.46484700000038
37.46484700000038
37.46484700000038
37.46484700000038
37.46484700000038
37.46484700000038
37.46484700000038
37.46484700000038
37.46484700000038
37.46484700000038
37.46484700000038
37.46484700000038
37.46484700000038
37.46484700000038
37.46484700000038
37.46484700000038
37.46484700000038
37.46484700000038
37.46484700000038
37.46484700000038
37.46484700000038
37.46484700000038
37.46484700000038
37.46484700000038
37.46484700000038
37.46484700000038
37.46484700000038
37.46484700000038
37.46484700000038
37.46484700000038
37.46484700000038
37.46484700000038
37.46484700000038
37.46484700000038
37.46484700000038
37.46484700000038
37.46484700000038
37.46484700000038
37.46484700000038
37.46484700000038
37.46484700000038
37.46484700000038
37.46484700000038
37.46484700000038
37.46484700000038
37.46484700000038
37.46484700000038
37.46484700000038
37.46484700000038
37.46484700000038
37.46484700000038
37.46484700000038
37.46484700000038
37.46484700000038
37.46484700000038
37.46484700000038
37.46484700000038
37.46484700000038
37.46484700000038
37.46484700000038
37.46484700000038
37.46484700000038
37.46484700000038
37.46484700000038
37.46484700000038
37.46484700000038
37.46484700000038
37.46484700000038
37.46484700000038
37.46484700000038
37.46484700000038
37.46484700000038
37.46484700000038
37.46484700000038
37.46484700000038
37.46484700000038
37.46484700000038
37.46484700000038
37.46484700000038
37.46484700000038
37.46484700000038
37.46484700000038
37.46484700000038
37.46484700000038
37.46484700000038
37.46484700000038
37.46484700000038
37.46484700000038
37.46484700000038
37.46484700000038
37.46484700000038
37.46484700000038
37.46484700000038
37.46484700000038
37.46484700000038
37.46484700000038
37.46484700000038
37.46484700000038
37.46484700000038
37.46484700000038
37.46484700000038
37.46484700000038
37.46484700000038
37.46484700000038
37.46484700000038
37.46484700000038
37.46484700000038
37.46484700000038
37.46484700000038
37.46484700000038
37.46484700000038
37.46484700000038
37.46484700000038
37.46484700000038
37.46484700000038
37.46484700000038
37.46484700000038
37.46484700000038
37.46484700000038
37.46484700000038
37.46484700000038
37.46484700000038
37.46484700000038
37.46484700000038
37.46484700000038
37.46484700000038
37.46484700000038
37.46484700000038
37.46484700000038
37.46484700000038
37.46484700000038
37.46484700000038
37.46484700000038
37.46484700000038
37.46484700000038
37.46484700000038
37.46484700000038
37.46484700000038
37.46484700000038
37.46484700000038
37.46484700000038
37.46484700000038
37.46484700000038
37.46484700000038
37.46484700000038
37.46484700000038
37.46484700000038
37.46484700000038
37.46484700000038
37.46484700000038
37.46484700000038
37.46484700000038
37.46484700000038
37.46484700000038
37.46484700000038
37.46484700000038
37.46484700000038
37.46484700000038
37.46484700000038
37.46484700000038
37.46484700000038
37.46484700000038
37.46484700000038
37.46484700000038
37.46484700000038
37.46484700000038
37.46484700000038
37.46484700000038
37.46484700000038
37.46484700000038
37.46484700000038
37.46484700000038
37.46484700000038
37.46484700000038
37.46484700000038
37.46484700000038
37.46484700000038
37.46484700000038
37.46484700000038
37.46484700000038
37.46484700000038
37.46484700000038
37.46484700000038
37.46484700000038
37.46484700000038
37.46484700000038
37.46484700000038
37.46484700000038
37.46484700000038
37.46484700000038
37.46484700000038
37.46484700000038
37.46484700000038
37.46484700000038
37.46484700000038
37.46484700000038
37.46484700000038
37.46484700000038
37.46484700000038
37.46484700000038
37.46484700000038
37.46484700000038
37.46484700000038
37.46484700000038
37.46484700000038
37.46484700000038
37.46484700000038
37.46484700000038
37.46484700000038
37.46484700000038
37.46484700000038
37.46484700000038
37.46484700000038
37.46484700000038
37.46484700000038
37.46484700000038
37.46484700000038
37.46484700000038
37.46484700000038
37.46484700000038
37.46484700000038
37.46484700000038
37.46484700000038
37.46484700000038
37.46484700000038
37.46484700000038
37.46484700000038
37.46484700000038
37.46484700000038
37.46484700000038
37.46484700000038
37.46484700000038
37.46484700000038
37.46484700000038
37.46484700000038
37.46484700000038
37.46484700000038
37.46484700000038
37.46484700000038
37.46484700000038
37.46484700000038
37.46484700000038
37.46484700000038
37.46484700000038
37.46484700000038
37.46484700000038
37.46484700000038
37.46484700000038
37.46484700000038
37.46484700000038
37.46484700000038
37.46484700000038
37.46484700000038
37.46484700000038
37.46484700000038
37.46484700000038
37.46484700000038
37.46484700000038
37.46484700000038
37.46484700000038
37.46484700000038
37.46484700000038
37.46484700000038
37.46484700000038
37.46484700000038
37.46484700000038
37.46484700000038
37.46484700000038
37.46484700000038
37.46484700000038
37.46484700000038
37.46484700000038
37.46484700000038
37.46484700000038
37.46484700000038
37.46484700000038
37.46484700000038
37.46484700000038
37.46484700000038
37.46484700000038
37.46484700000038
37.46484700000038
37.46484700000038
37.46484700000038
37.46484700000038
37.46484700000038
37.46484700000038
37.46484700000038
37.46484700000038
37.46484700000038
37.46484700000038
37.46484700000038
37.46484700000038
37.46484700000038
37.46484700000038
37.46484700000038
37.46484700000038
37.46484700000038
37.46484700000038
37.46484700000038
37.46484700000038
37.46484700000038
37.46484700000038
37.46484700000038
37.46484700000038
37.46484700000038
37.46484700000038
37.46484700000038
37.46484700000038
37.46484700000038
37.46484700000038
37.46484700000038
37.46484700000038
37.46484700000038
37.46484700000038
37.46484700000038
37.46484700000038
37.46484700000038
37.46484700000038
37.46484700000038
37.46484700000038
37.46484700000038
37.46484700000038
37.46484700000038
37.46484700000038
37.46484700000038
37.46484700000038
37.46484700000038
37.46484700000038
37.46484700000038
37.46484700000038
37.46484700000038
37.46484700000038
37.46484700000038
37.46484700000038
37.46484700000038
37.46484700000038
37.46484700000038
37.46484700000038
37.46484700000038
37.46484700000038
37.46484700000038
37.46484700000038
37.46484700000038
37.46484700000038
37.46484700000038
37.46484700000038
37.46484700000038
37.46484700000038
37.46484700000038
37.46484700000038
37.46484700000038
37.46484700000038
37.46484700000038
37.46484700000038
37.46484700000038
37.46484700000038
37.46484700000038
37.46484700000038
37.46484700000038
37.46484700000038
37.46484700000038
37.46484700000038
37.46484700000038
37.46484700000038
37.46484700000038
37.46484700000038
37.46484700000038
37.46484700000038
37.46484700000038
37.46484700000038
37.46484700000038
37.46484700000038
37.46484700000038
37.46484700000038
37.46484700000038
37.46484700000038
37.46484700000038
37.46484700000038
37.46484700000038
37.46484700000038
37.46484700000038
37.46484700000038
37.46484700000038
37.46484700000038
37.46484700000038
37.46484700000038
37.46484700000038
37.46484700000038
37.46484700000038
37.46484700000038
37.46484700000038
37.46484700000038
37.46484700000038
37.46484700000038
37.46484700000038
37.46484700000038
37.46484700000038
37.46484700000038
37.46484700000038
37.46484700000038
37.46484700000038
37.46484700000038
37.46484700000038
37.46484700000038
37.46484700000038
37.46484700000038
37.46484700000038
37.46484700000038
37.46484700000038
37.46484700000038
37.46484700000038
37.46484700000038
37.46484700000038
37.46484700000038
37.46484700000038
37.46484700000038
37.46484700000038
37.46484700000038
37.46484700000038
37.46484700000038
37.46484700000038
37.46484700000038
37.46484700000038
37.46484700000038
37.46484700000038
37.46484700000038
37.46484700000038
37.46484700000038
37.46484700000038
37.46484700000038
37.46484700000038
37.46484700000038
37.46484700000038
37.46484700000038
37.46484700000038
37.46484700000038
37.46484700000038
37.46484700000038
37.46484700000038
37.46484700000038
37.46484700000038
37.46484700000038
37.46484700000038
37.46484700000038
37.46484700000038
37.46484700000038
37.46484700000038
37.46484700000038
37.46484700000038
37.46484700000038
37.46484700000038
37.46484700000038
37.46484700000038
37.46484700000038
37.46484700000038
37.46484700000038
37.46484700000038
37.46484700000038
37.46484700000038
37.46484700000038
37.46484700000038
37.46484700000038
37.46484700000038
37.46484700000038
37.46484700000038
37.46484700000038
37.46484700000038
37.46484700000038
37.46484700000038
37.46484700000038
37.46484700000038
37.46484700000038
37.46484700000038
37.46484700000038
37.46484700000038
37.46484700000038
37.46484700000038
37.46484700000038
37.46484700000038
37.46484700000038
37.46484700000038
37.46484700000038
37.46484700000038
37.46484700000038
37.46484700000038
37.46484700000038
37.46484700000038
37.46484700000038
37.46484700000038
37.46484700000038
37.46484700000038
37.46484700000038
37.46484700000038
37.46484700000038
37.46484700000038
37.46484700000038
37.46484700000038
37.46484700000038
37.46484700000038
37.46484700000038
37.46484700000038
37.46484700000038
37.46484700000038
37.46484700000038
37.46484700000038
37.46484700000038
37.46484700000038
37.46484700000038
37.46484700000038
37.46484700000038
37.46484700000038
37.46484700000038
37.46484700000038
37.46484700000038
37.46484700000038
37.46484700000038
37.46484700000038
37.46484700000038
37.46484700000038
37.46484700000038
37.46484700000038
37.46484700000038
37.46484700000038
37.46484700000038
37.46484700000038
37.46484700000038
37.46484700000038
37.46484700000038
37.46484700000038
37.46484700000038
37.46484700000038
37.46484700000038
37.46484700000038
37.46484700000038
37.46484700000038
37.46484700000038
37.46484700000038
37.46484700000038
37.46484700000038
37.46484700000038
37.46484700000038
37.46484700000038
37.46484700000038
37.46484700000038
37.46484700000038
37.46484700000038
37.46484700000038
37.46484700000038
37.46484700000038
37.46484700000038
37.46484700000038
37.46484700000038
37.46484700000038
37.46484700000038
37.46484700000038
37.46484700000038
37.46484700000038
37.46484700000038
37.46484700000038
37.46484700000038
37.46484700000038
37.46484700000038
37.46484700000038
37.46484700000038
37.46484700000038
37.46484700000038
37.46484700000038
37.46484700000038
37.46484700000038
37.46484700000038
37.46484700000038
37.46484700000038
37.46484700000038
37.46484700000038
37.46484700000038
37.46484700000038
37.46484700000038
37.46484700000038
37.46484700000038
37.46484700000038
37.46484700000038
37.46484700000038
37.46484700000038
37.46484700000038
37.46484700000038
37.46484700000038
37.46484700000038
37.46484700000038
37.46484700000038
37.46484700000038
37.46484700000038
37.46484700000038
37.46484700000038
37.46484700000038
37.46484700000038
37.46484700000038
37.46484700000038
37.46484700000038
37.46484700000038
37.46484700000038
37.46484700000038
37.46484700000038
37.46484700000038
37.46484700000038
37.46484700000038
37.46484700000038
37.46484700000038
37.46484700000038
37.46484700000038
37.46484700000038
37.46484700000038
37.46484700000038
37.46484700000038
37.46484700000038
37.46484700000038
37.46484700000038
37.46484700000038
37.46484700000038
37.46484700000038
37.46484700000038
37.46484700000038
37.46484700000038
37.46484700000038
37.46484700000038
37.46484700000038
37.46484700000038
37.46484700000038
37.46484700000038
37.46484700000038
37.46484700000038
37.46484700000038
37.46484700000038
37.46484700000038
37.46484700000038
37.46484700000038
37.46484700000038
37.46484700000038
37.46484700000038
37.46484700000038
37.46484700000038
37.46484700000038
37.46484700000038
37.46484700000038
37.46484700000038
37.46484700000038
37.46484700000038
37.46484700000038
37.46484700000038
37.46484700000038
37.46484700000038
37.46484700000038
37.46484700000038
37.46484700000038
37.46484700000038
37.46484700000038
37.46484700000038
37.46484700000038
37.46484700000038
37.46484700000038
37.46484700000038
37.46484700000038
37.46484700000038
37.46484700000038
37.46484700000038
37.46484700000038
37.46484700000038
37.46484700000038
37.46484700000038
37.46484700000038
37.46484700000038
37.46484700000038
37.46484700000038
37.46484700000038
37.46484700000038
37.46484700000038
37.46484700000038
37.46484700000038
37.46484700000038
37.46484700000038
37.46484700000038
37.46484700000038
37.46484700000038
37.46484700000038
37.46484700000038
37.46484700000038
37.46484700000038
37.46484700000038
37.46484700000038
37.46484700000038
37.46484700000038
37.46484700000038
37.46484700000038
37.46484700000038
37.46484700000038
37.46484700000038
37.46484700000038
37.46484700000038
37.46484700000038
37.46484700000038
37.46484700000038
37.46484700000038
37.46484700000038
37.46484700000038
37.46484700000038
37.46484700000038
37.46484700000038
37.46484700000038
37.46484700000038
37.46484700000038
37.46484700000038
37.46484700000038
37.46484700000038
37.46484700000038
37.46484700000038
37.46484700000038
37.46484700000038
37.46484700000038
37.46484700000038
37.46484700000038
37.46484700000038
37.46484700000038
37.46484700000038
37.46484700000038
37.46484700000038
37.46484700000038
37.46484700000038
37.46484700000038
37.46484700000038
37.46484700000038
37.46484700000038
37.46484700000038
37.46484700000038
37.46484700000038
37.46484700000038
37.46484700000038
37.46484700000038
37.46484700000038
37.46484700000038
37.46484700000038
37.46484700000038
37.46484700000038
37.46484700000038
37.46484700000038
37.46484700000038
37.46484700000038
37.46484700000038
37.46484700000038
37.46484700000038
37.46484700000038
37.46484700000038
37.46484700000038
37.46484700000038
37.46484700000038
37.46484700000038
37.46484700000038
37.46484700000038
37.46484700000038
37.46484700000038
37.46484700000038
37.46484700000038
37.46484700000038
37.46484700000038
37.46484700000038
37.46484700000038
37.46484700000038
37.46484700000038
37.46484700000038
37.46484700000038
37.46484700000038
37.46484700000038
37.46484700000038
37.46484700000038
37.46484700000038
37.46484700000038
37.46484700000038
37.46484700000038
37.46484700000038
37.46484700000038
37.46484700000038
37.46484700000038
37.46484700000038
37.46484700000038
37.46484700000038
37.46484700000038
37.46484700000038
37.46484700000038
37.46484700000038
37.46484700000038
37.46484700000038
37.46484700000038
37.46484700000038
37.46484700000038
37.46484700000038
37.46484700000038
37.46484700000038
37.46484700000038
37.46484700000038
37.46484700000038
37.46484700000038
37.46484700000038
37.46484700000038
37.46484700000038
37.46484700000038
37.46484700000038
37.46484700000038
37.46484700000038
37.46484700000038
37.46484700000038
37.46484700000038
37.46484700000038
37.46484700000038
37.46484700000038
37.46484700000038
37.46484700000038
37.46484700000038
37.46484700000038
37.46484700000038
37.46484700000038
37.46484700000038
37.46484700000038
37.46484700000038
37.46484700000038
37.46484700000038
37.46484700000038
37.46484700000038
37.46484700000038
37.46484700000038
37.46484700000038
37.46484700000038
37.46484700000038
37.46484700000038
37.46484700000038
37.46484700000038
37.46484700000038
37.46484700000038
37.46484700000038
37.46484700000038
37.46484700000038
37.46484700000038
37.46484700000038
37.46484700000038
37.46484700000038
37.46484700000038
37.46484700000038
37.46484700000038
37.46484700000038
37.46484700000038
37.46484700000038
37.46484700000038
37.46484700000038
37.46484700000038
37.46484700000038
37.46484700000038
37.46484700000038
37.46484700000038
37.46484700000038
37.46484700000038
37.46484700000038
37.46484700000038
37.46484700000038
37.46484700000038
37.46484700000038
37.46484700000038
37.46484700000038
37.46484700000038
37.46484700000038
37.46484700000038
37.46484700000038
37.46484700000038
37.46484700000038
37.46484700000038
37.46484700000038
37.46484700000038
37.46484700000038
37.46484700000038
37.46484700000038
37.46484700000038
37.46484700000038
37.46484700000038
37.46484700000038
37.46484700000038
37.46484700000038
37.46484700000038
37.46484700000038
37.46484700000038
37.46484700000038
37.46484700000038
37.46484700000038
37.46484700000038
37.46484700000038
37.46484700000038
37.46484700000038
37.46484700000038
37.46484700000038
37.46484700000038
37.46484700000038
37.46484700000038
37.46484700000038
37.46484700000038
37.46484700000038
37.46484700000038
37.46484700000038
37.46484700000038
37.46484700000038
37.46484700000038
37.46484700000038
37.46484700000038
37.46484700000038
37.46484700000038
37.46484700000038
37.46484700000038
37.46484700000038
37.46484700000038
37.46484700000038
37.46484700000038
37.46484700000038
37.46484700000038
37.46484700000038
37.46484700000038
37.46484700000038
37.46484700000038
37.46484700000038
37.46484700000038
37.46484700000038
37.46484700000038
37.46484700000038
37.46484700000038
37.46484700000038
37.46484700000038
37.46484700000038
37.46484700000038
37.46484700000038
37.46484700000038
37.46484700000038
37.46484700000038
37.46484700000038
37.46484700000038
37.46484700000038
37.46484700000038
37.46484700000038
37.46484700000038
37.46484700000038
37.46484700000038
37.46484700000038
37.46484700000038
37.46484700000038
37.46484700000038
37.46484700000038
37.46484700000038
37.46484700000038
37.46484700000038
37.46484700000038
37.46484700000038
37.46484700000038
37.46484700000038
37.46484700000038
37.46484700000038
37.46484700000038
37.46484700000038
37.46484700000038
37.46484700000038
37.46484700000038
37.46484700000038
37.46484700000038
37.46484700000038
37.46484700000038
37.46484700000038
37.46484700000038
37.46484700000038
37.46484700000038
37.46484700000038
37.46484700000038
37.46484700000038
37.46484700000038
37.46484700000038
37.46484700000038
37.46484700000038
37.46484700000038
37.46484700000038
37.46484700000038
37.46484700000038
37.46484700000038
37.46484700000038
37.46484700000038
37.46484700000038
37.46484700000038
37.46484700000038
37.46484700000038
37.46484700000038
37.46484700000038
37.46484700000038
37.46484700000038
37.46484700000038
37.46484700000038
37.46484700000038
37.46484700000038
37.46484700000038
37.46484700000038
37.46484700000038
37.46484700000038
37.46484700000038
37.46484700000038
37.46484700000038
37.46484700000038
37.46484700000038
37.46484700000038
37.46484700000038
37.46484700000038
37.46484700000038
37.46484700000038
37.46484700000038
37.46484700000038
37.46484700000038
37.46484700000038
37.46484700000038
37.46484700000038
37.46484700000038
37.46484700000038
37.46484700000038
37.46484700000038
37.46484700000038
37.46484700000038
37.46484700000038
37.46484700000038
37.46484700000038
37.46484700000038
37.46484700000038
37.46484700000038
37.46484700000038
37.46484700000038
37.46484700000038
37.46484700000038
37.46484700000038
37.46484700000038
37.46484700000038
37.46484700000038
37.46484700000038
37.46484700000038
37.46484700000038
37.46484700000038
37.46484700000038
37.46484700000038
37.46484700000038
37.46484700000038
37.46484700000038
37.46484700000038
37.46484700000038
37.46484700000038
37.46484700000038
37.46484700000038
37.46484700000038
37.46484700000038
37.46484700000038
37.46484700000038
37.46484700000038
37.46484700000038
37.46484700000038
37.46484700000038
37.46484700000038
37.46484700000038
37.46484700000038
37.46484700000038
37.46484700000038
37.46484700000038
37.46484700000038
37.46484700000038
37.46484700000038
37.46484700000038
37.46484700000038
37.46484700000038
37.46484700000038
37.46484700000038
37.46484700000038
37.46484700000038
37.46484700000038
37.46484700000038
37.46484700000038
37.46484700000038
37.46484700000038
37.46484700000038
37.46484700000038
37.46484700000038
37.46484700000038
37.46484700000038
37.46484700000038
37.46484700000038
37.46484700000038
37.46484700000038
37.46484700000038
37.46484700000038
37.46484700000038
37.46484700000038
37.46484700000038
37.46484700000038
37.46484700000038
37.46484700000038
37.46484700000038
37.46484700000038
37.46484700000038
37.46484700000038
37.46484700000038
37.46484700000038
37.46484700000038
37.46484700000038
37.46484700000038
37.46484700000038
37.46484700000038
37.46484700000038
37.46484700000038
37.46484700000038
37.46484700000038
37.46484700000038
37.46484700000038
37.46484700000038
37.46484700000038
37.46484700000038
37.46484700000038
37.46484700000038
37.46484700000038
37.46484700000038
37.46484700000038
37.46484700000038
37.46484700000038
37.46484700000038
37.46484700000038
37.46484700000038
37.46484700000038
37.46484700000038
37.46484700000038
37.46484700000038
37.46484700000038
37.46484700000038
37.46484700000038
37.46484700000038
37.46484700000038
37.46484700000038
37.46484700000038
37.46484700000038
37.46484700000038
37.46484700000038
37.46484700000038
37.46484700000038
37.46484700000038
37.46484700000038
37.46484700000038
37.46484700000038
37.46484700000038
37.46484700000038
37.46484700000038
37.46484700000038
37.46484700000038
37.46484700000038
37.46484700000038
37.46484700000038
37.46484700000038
37.46484700000038
37.46484700000038
37.46484700000038
37.46484700000038
37.46484700000038
37.46484700000038
37.46484700000038
37.46484700000038
37.46484700000038
37.46484700000038
37.46484700000038
37.46484700000038
37.46484700000038
37.46484700000038
37.46484700000038
37.46484700000038
37.46484700000038
37.46484700000038
37.46484700000038
37.46484700000038
37.46484700000038
37.46484700000038
37.46484700000038
37.46484700000038
37.46484700000038
37.46484700000038
37.46484700000038
37.46484700000038
37.46484700000038
37.46484700000038
37.46484700000038
37.46484700000038
37.46484700000038
37.46484700000038
37.46484700000038
37.46484700000038
37.46484700000038
37.46484700000038
37.46484700000038
37.46484700000038
37.46484700000038
37.46484700000038
37.46484700000038
37.46484700000038
37.46484700000038
37.46484700000038
37.46484700000038
37.46484700000038
37.46484700000038
37.46484700000038
37.46484700000038
37.46484700000038
37.46484700000038
37.46484700000038
37.46484700000038
37.46484700000038
37.46484700000038
37.46484700000038
37.46484700000038
37.46484700000038
37.46484700000038
37.46484700000038
37.46484700000038
37.46484700000038
37.46484700000038
37.46484700000038
37.46484700000038
37.46484700000038
37.46484700000038
37.46484700000038
37.46484700000038
37.46484700000038
37.46484700000038
37.46484700000038
37.46484700000038
37.46484700000038
37.46484700000038
37.46484700000038
37.46484700000038
37.46484700000038
37.46484700000038
37.46484700000038
37.46484700000038
37.46484700000038
37.46484700000038
37.46484700000038
37.46484700000038
37.46484700000038
37.46484700000038
37.46484700000038
37.46484700000038
37.46484700000038
37.46484700000038
37.46484700000038
37.46484700000038
37.46484700000038
37.46484700000038
37.46484700000038
37.46484700000038
37.46484700000038
37.46484700000038
37.46484700000038
37.46484700000038
37.46484700000038
37.46484700000038
37.46484700000038
37.46484700000038
37.46484700000038
37.46484700000038
37.46484700000038
37.46484700000038
37.46484700000038
37.46484700000038
37.46484700000038
37.46484700000038
37.46484700000038
37.46484700000038
37.46484700000038
37.46484700000038
37.46484700000038
37.46484700000038
37.46484700000038
37.46484700000038
37.46484700000038
37.46484700000038
37.46484700000038
37.46484700000038
37.46484700000038
37.46484700000038
37.46484700000038
37.46484700000038
37.46484700000038
37.46484700000038
37.46484700000038
37.46484700000038
37.46484700000038
37.46484700000038
37.46484700000038
37.46484700000038
37.46484700000038
37.46484700000038
37.46484700000038
37.46484700000038
37.46484700000038
37.46484700000038
37.46484700000038
37.46484700000038
37.46484700000038
37.46484700000038
37.46484700000038
37.46484700000038
37.46484700000038
37.46484700000038
37.46484700000038
37.46484700000038
37.46484700000038
37.46484700000038
37.46484700000038
37.46484700000038
37.46484700000038
37.46484700000038
37.46484700000038
37.46484700000038
37.46484700000038
37.46484700000038
37.46484700000038
37.46484700000038
37.46484700000038
37.46484700000038
37.46484700000038
37.46484700000038
37.46484700000038
37.46484700000038
37.46484700000038
37.46484700000038
37.46484700000038
37.46484700000038
37.46484700000038
37.46484700000038
37.46484700000038
37.46484700000038
37.46484700000038
37.46484700000038
37.46484700000038
37.46484700000038
37.46484700000038
37.46484700000038
37.46484700000038
37.46484700000038
37.46484700000038
37.46484700000038
37.46484700000038
37.46484700000038
37.46484700000038
37.46484700000038
37.46484700000038
37.46484700000038
37.46484700000038
37.46484700000038
37.46484700000038
37.46484700000038
37.46484700000038
37.46484700000038
37.46484700000038
37.46484700000038
37.46484700000038
37.46484700000038
37.46484700000038
37.46484700000038
37.46484700000038
37.46484700000038
37.46484700000038
37.46484700000038
37.46484700000038
37.46484700000038
37.46484700000038
37.46484700000038
37.46484700000038
37.46484700000038
37.46484700000038
37.46484700000038
37.46484700000038
37.46484700000038
37.46484700000038
37.46484700000038
37.46484700000038
37.46484700000038
37.46484700000038
37.46484700000038
37.46484700000038
37.46484700000038
37.46484700000038
37.46484700000038
37.46484700000038
37.46484700000038
37.46484700000038
37.46484700000038
37.46484700000038
37.46484700000038
37.46484700000038
37.46484700000038
37.46484700000038
37.46484700000038
37.46484700000038
37.46484700000038
37.46484700000038
37.46484700000038
37.46484700000038
37.46484700000038
37.46484700000038
37.46484700000038
37.46484700000038
37.46484700000038
37.46484700000038
37.46484700000038
37.46484700000038
37.46484700000038
37.46484700000038
37.46484700000038
37.46484700000038
37.46484700000038
37.46484700000038
37.46484700000038
37.46484700000038
37.46484700000038
37.46484700000038
37.46484700000038
37.46484700000038
37.46484700000038
37.46484700000038
37.46484700000038
37.46484700000038
37.46484700000038
37.46484700000038
37.46484700000038
37.46484700000038
37.46484700000038
37.46484700000038
37.46484700000038
37.46484700000038
37.46484700000038
37.46484700000038
37.46484700000038
37.46484700000038
37.46484700000038
37.46484700000038
37.46484700000038
37.46484700000038
37.46484700000038
37.46484700000038
37.46484700000038
37.46484700000038
37.46484700000038
37.46484700000038
37.46484700000038
37.46484700000038
37.46484700000038
37.46484700000038
37.46484700000038
37.46484700000038
37.46484700000038
37.46484700000038
37.46484700000038
37.46484700000038
37.46484700000038
37.46484700000038
37.46484700000038
37.46484700000038
37.46484700000038
37.46484700000038
37.46484700000038
37.46484700000038
37.46484700000038
37.46484700000038
37.46484700000038
37.46484700000038
37.46484700000038
37.46484700000038
37.46484700000038
37.46484700000038
37.46484700000038
37.46484700000038
37.46484700000038
37.46484700000038
37.46484700000038
37.46484700000038
37.46484700000038
37.46484700000038
37.46484700000038
37.46484700000038
37.46484700000038
37.46484700000038
37.46484700000038
37.46484700000038
37.46484700000038
37.46484700000038
37.46484700000038
37.46484700000038
37.46484700000038
37.46484700000038
37.46484700000038
37.46484700000038
37.46484700000038
37.46484700000038
37.46484700000038
37.46484700000038
37.46484700000038
37.46484700000038
37.46484700000038
37.46484700000038
37.46484700000038
37.46484700000038
37.46484700000038
37.46484700000038
37.46484700000038
37.46484700000038
37.46484700000038
37.46484700000038
37.46484700000038
37.46484700000038
37.46484700000038
37.46484700000038
37.46484700000038
37.46484700000038
37.46484700000038
37.46484700000038
37.46484700000038
37.46484700000038
37.46484700000038
37.46484700000038
37.46484700000038
37.46484700000038
37.46484700000038
37.46484700000038
37.46484700000038
37.46484700000038
37.46484700000038
37.46484700000038
37.46484700000038
37.46484700000038
37.46484700000038
37.46484700000038
37.46484700000038
37.46484700000038
37.46484700000038
37.46484700000038
37.46484700000038
37.46484700000038
37.46484700000038
37.46484700000038
37.46484700000038
37.46484700000038
37.46484700000038
37.46484700000038
37.46484700000038
37.46484700000038
37.46484700000038
37.46484700000038
37.46484700000038
37.46484700000038
37.46484700000038
37.46484700000038
37.46484700000038
37.46484700000038
37.46484700000038
37.46484700000038
37.46484700000038
37.46484700000038
37.46484700000038
37.46484700000038
37.46484700000038
37.46484700000038
37.46484700000038
37.46484700000038
37.46484700000038
37.46484700000038
37.46484700000038
37.46484700000038
37.46484700000038
37.46484700000038
37.46484700000038
37.46484700000038
37.46484700000038
37.46484700000038
37.46484700000038
37.46484700000038
37.46484700000038
37.46484700000038
37.46484700000038
37.46484700000038
37.46484700000038
37.46484700000038
37.46484700000038
37.46484700000038
37.46484700000038
37.46484700000038
37.46484700000038
37.46484700000038
37.46484700000038
37.46484700000038
37.46484700000038
37.46484700000038
37.46484700000038
37.46484700000038
37.46484700000038
37.46484700000038
37.46484700000038
37.46484700000038
37.46484700000038
37.46484700000038
37.46484700000038
37.46484700000038
37.46484700000038
37.46484700000038
37.46484700000038
37.46484700000038
37.46484700000038
37.46484700000038
37.46484700000038
37.46484700000038
37.46484700000038
37.46484700000038
37.46484700000038
37.46484700000038
37.46484700000038
37.46484700000038
37.46484700000038
37.46484700000038
37.46484700000038
37.46484700000038
37.46484700000038
37.46484700000038
37.46484700000038
37.46484700000038
37.46484700000038
37.46484700000038
37.46484700000038
37.46484700000038
37.46484700000038
37.46484700000038
37.46484700000038
37.46484700000038
37.46484700000038
37.46484700000038
37.46484700000038
37.46484700000038
37.46484700000038
37.46484700000038
37.46484700000038
37.46484700000038
37.46484700000038
37.46484700000038
37.46484700000038
37.46484700000038
37.46484700000038
37.46484700000038
37.46484700000038
37.46484700000038
37.46484700000038
37.46484700000038
37.46484700000038
37.46484700000038
37.46484700000038
37.46484700000038
37.46484700000038
37.46484700000038
37.46484700000038
37.46484700000038
37.46484700000038
37.46484700000038
37.46484700000038
37.46484700000038
37.46484700000038
37.46484700000038
37.46484700000038
37.46484700000038
37.46484700000038
37.46484700000038
37.46484700000038
37.46484700000038
37.46484700000038
37.46484700000038
37.46484700000038
37.46484700000038
37.46484700000038
37.46484700000038
37.46484700000038
37.46484700000038
37.46484700000038
37.46484700000038
37.46484700000038
37.46484700000038
37.46484700000038
37.46484700000038
37.46484700000038
37.46484700000038
37.46484700000038
37.46484700000038
37.46484700000038
37.46484700000038
37.46484700000038
37.46484700000038
37.46484700000038
37.46484700000038
37.46484700000038
37.46484700000038
37.46484700000038
37.46484700000038
37.46484700000038
37.46484700000038
37.46484700000038
37.46484700000038
37.46484700000038
37.46484700000038
37.46484700000038
37.46484700000038
37.46484700000038
37.46484700000038
37.46484700000038
37.46484700000038
37.46484700000038
37.46484700000038
37.46484700000038
37.46484700000038
37.46484700000038
37.46484700000038
37.46484700000038
37.46484700000038
37.46484700000038
37.46484700000038
37.46484700000038
37.46484700000038
37.46484700000038
37.46484700000038
37.46484700000038
37.46484700000038
37.46484700000038
37.46484700000038
37.46484700000038
37.46484700000038
37.46484700000038
37.46484700000038
37.46484700000038
37.46484700000038
37.46484700000038
37.46484700000038
37.46484700000038
37.46484700000038
37.46484700000038
37.46484700000038
37.46484700000038
37.46484700000038
37.46484700000038
37.46484700000038
37.46484700000038
37.46484700000038
37.46484700000038
37.46484700000038
37.46484700000038
37.46484700000038
37.46484700000038
37.46484700000038
37.46484700000038
37.46484700000038
37.46484700000038
37.46484700000038
37.46484700000038
37.46484700000038
37.46484700000038
37.46484700000038
37.46484700000038
37.46484700000038
37.46484700000038
37.46484700000038
37.46484700000038
37.46484700000038
37.46484700000038
37.46484700000038
37.46484700000038
37.46484700000038
37.46484700000038
37.46484700000038
37.46484700000038
37.46484700000038
37.46484700000038
37.46484700000038
37.46484700000038
37.46484700000038
37.46484700000038
37.46484700000038
37.46484700000038
37.46484700000038
37.46484700000038
37.46484700000038
37.46484700000038
37.46484700000038
37.46484700000038
37.46484700000038
37.46484700000038
37.46484700000038
37.46484700000038
37.46484700000038
37.46484700000038
37.46484700000038
37.46484700000038
37.46484700000038
37.46484700000038
37.46484700000038
37.46484700000038
37.46484700000038
37.46484700000038
37.46484700000038
37.46484700000038
37.46484700000038
37.46484700000038
37.46484700000038
37.46484700000038
37.46484700000038
37.46484700000038
37.46484700000038
37.46484700000038
37.46484700000038
37.46484700000038
37.46484700000038
37.46484700000038
37.46484700000038
37.46484700000038
37.46484700000038
37.46484700000038
37.46484700000038
37.46484700000038
37.46484700000038
37.46484700000038
37.46484700000038
37.46484700000038
37.46484700000038
37.46484700000038
37.46484700000038
37.46484700000038
37.46484700000038
37.46484700000038
37.46484700000038
37.46484700000038
37.46484700000038
37.46484700000038
37.46484700000038
37.46484700000038
37.46484700000038
37.46484700000038
37.46484700000038
37.46484700000038
37.46484700000038
37.46484700000038
37.46484700000038
37.46484700000038
37.46484700000038
37.46484700000038
37.46484700000038
37.46484700000038
37.46484700000038
37.46484700000038
37.46484700000038
37.46484700000038
37.46484700000038
37.46484700000038
37.46484700000038
37.46484700000038
37.46484700000038
37.46484700000038
37.46484700000038
37.46484700000038
37.46484700000038
37.46484700000038
37.46484700000038
37.46484700000038
37.46484700000038
37.46484700000038
37.46484700000038
37.46484700000038
37.46484700000038
37.46484700000038
37.46484700000038
37.46484700000038
37.46484700000038
37.46484700000038
37.46484700000038
37.46484700000038
37.46484700000038
37.46484700000038
37.46484700000038
37.46484700000038
37.46484700000038
37.46484700000038
37.46484700000038
37.46484700000038
37.46484700000038
37.46484700000038
37.46484700000038
37.46484700000038
37.46484700000038
37.46484700000038
37.46484700000038
37.46484700000038
37.46484700000038
37.46484700000038
37.46484700000038
37.46484700000038
37.46484700000038
37.46484700000038
37.46484700000038
37.46484700000038
37.46484700000038
37.46484700000038
37.46484700000038
37.46484700000038
37.46484700000038
37.46484700000038
37.46484700000038
37.46484700000038
37.46484700000038
37.46484700000038
37.46484700000038
37.46484700000038
37.46484700000038
37.46484700000038
37.46484700000038
37.46484700000038
37.46484700000038
37.46484700000038
37.46484700000038
37.46484700000038
37.46484700000038
37.46484700000038
37.46484700000038
37.46484700000038
37.46484700000038
37.46484700000038
37.46484700000038
37.46484700000038
37.46484700000038
37.46484700000038
37.46484700000038
37.46484700000038
37.46484700000038
37.46484700000038
37.46484700000038
37.46484700000038
37.46484700000038
37.46484700000038
37.46484700000038
37.46484700000038
37.46484700000038
37.46484700000038
37.46484700000038
37.46484700000038
37.46484700000038
37.46484700000038
37.46484700000038
37.46484700000038
37.46484700000038
37.46484700000038
37.46484700000038
37.46484700000038
37.46484700000038
37.46484700000038
37.46484700000038
37.46484700000038
37.46484700000038
37.46484700000038
37.46484700000038
37.46484700000038
37.46484700000038
37.46484700000038
37.46484700000038
37.46484700000038
37.46484700000038
37.46484700000038
37.46484700000038
37.46484700000038
37.46484700000038
37.46484700000038
37.46484700000038
37.46484700000038
37.46484700000038
37.46484700000038
37.46484700000038
37.46484700000038
37.46484700000038
37.46484700000038
37.46484700000038
37.46484700000038
37.46484700000038
37.46484700000038
37.46484700000038
37.46484700000038
37.46484700000038
37.46484700000038
37.46484700000038
37.46484700000038
37.46484700000038
37.46484700000038
37.46484700000038
37.46484700000038
37.46484700000038
37.46484700000038
37.46484700000038
37.46484700000038
37.46484700000038
37.46484700000038
37.46484700000038
37.46484700000038
37.46484700000038
37.46484700000038
37.46484700000038
37.46484700000038
37.46484700000038
37.46484700000038
37.46484700000038
37.46484700000038
37.46484700000038
37.46484700000038
37.46484700000038
37.46484700000038
37.46484700000038
37.46484700000038
37.46484700000038
37.46484700000038
37.46484700000038
37.46484700000038
37.46484700000038
37.46484700000038
37.46484700000038
37.46484700000038
37.46484700000038
37.46484700000038
37.46484700000038
37.46484700000038
37.46484700000038
37.46484700000038
37.46484700000038
37.46484700000038
37.46484700000038
37.46484700000038
37.46484700000038
37.46484700000038
37.46484700000038
37.46484700000038
37.46484700000038
37.46484700000038
37.46484700000038
37.46484700000038
37.46484700000038
37.46484700000038
37.46484700000038
37.46484700000038
37.46484700000038
37.46484700000038
37.46484700000038
37.46484700000038
37.46484700000038
37.46484700000038
37.46484700000038
37.46484700000038
37.46484700000038
37.46484700000038
37.46484700000038
37.46484700000038
37.46484700000038
37.46484700000038
37.46484700000038
37.46484700000038
37.46484700000038
37.46484700000038
37.46484700000038
37.46484700000038
37.46484700000038
37.46484700000038
37.46484700000038
37.46484700000038
37.46484700000038
37.46484700000038
37.46484700000038
37.46484700000038
37.46484700000038
37.46484700000038
37.46484700000038
37.46484700000038
37.46484700000038
37.46484700000038
37.46484700000038
37.46484700000038
37.46484700000038
37.46484700000038
37.46484700000038
37.46484700000038
37.46484700000038
37.46484700000038
37.46484700000038
37.46484700000038
37.46484700000038
37.46484700000038
37.46484700000038
37.46484700000038
37.46484700000038
37.46484700000038
37.46484700000038
37.46484700000038
37.46484700000038
37.46484700000038
37.46484700000038
37.46484700000038
37.46484700000038
37.46484700000038
37.46484700000038
37.46484700000038
37.46484700000038
37.46484700000038
37.46484700000038
37.46484700000038
37.46484700000038
37.46484700000038
37.46484700000038
37.46484700000038
37.46484700000038
37.46484700000038
37.46484700000038
37.46484700000038
37.46484700000038
37.46484700000038
37.46484700000038
37.46484700000038
37.46484700000038
37.46484700000038
37.46484700000038
37.46484700000038
37.46484700000038
37.46484700000038
37.46484700000038
37.46484700000038
37.46484700000038
37.46484700000038
37.46484700000038
37.46484700000038
37.46484700000038
37.46484700000038
37.46484700000038
37.46484700000038
37.46484700000038
37.46484700000038
37.46484700000038
37.46484700000038
37.46484700000038
37.46484700000038
37.46484700000038
37.46484700000038
37.46484700000038
37.46484700000038
37.46484700000038
37.46484700000038
37.46484700000038
37.46484700000038
37.46484700000038
37.46484700000038
37.46484700000038
37.46484700000038
37.46484700000038
37.46484700000038
37.46484700000038
37.46484700000038
37.46484700000038
37.46484700000038
37.46484700000038
37.46484700000038
37.46484700000038
37.46484700000038
37.46484700000038
37.46484700000038
37.46484700000038
37.46484700000038
37.46484700000038
37.46484700000038
37.46484700000038
37.46484700000038
37.46484700000038
37.46484700000038
37.46484700000038
37.46484700000038
37.46484700000038
37.46484700000038
37.46484700000038
37.46484700000038
37.46484700000038
37.46484700000038
37.46484700000038
37.46484700000038
37.46484700000038
37.46484700000038
37.46484700000038
37.46484700000038
37.46484700000038
37.46484700000038
37.46484700000038
37.46484700000038
37.46484700000038
37.46484700000038
37.46484700000038
37.46484700000038
37.46484700000038
37.46484700000038
37.46484700000038
37.46484700000038
37.46484700000038
37.46484700000038
37.46484700000038
37.46484700000038
37.46484700000038
37.46484700000038
37.46484700000038
37.46484700000038
37.46484700000038
37.46484700000038
37.46484700000038
37.46484700000038
37.46484700000038
37.46484700000038
37.46484700000038
37.46484700000038
37.46484700000038
37.46484700000038
37.46484700000038
37.46484700000038
37.46484700000038
37.46484700000038
37.46484700000038
37.46484700000038
37.46484700000038
37.46484700000038
37.46484700000038
37.46484700000038
37.46484700000038
37.46484700000038
37.46484700000038
37.46484700000038
37.46484700000038
37.46484700000038
37.46484700000038
37.46484700000038
37.46484700000038
37.46484700000038
37.46484700000038
37.46484700000038
37.46484700000038
37.46484700000038
37.46484700000038
37.46484700000038
37.46484700000038
37.46484700000038
37.46484700000038
37.46484700000038
37.46484700000038
37.46484700000038
37.46484700000038
37.46484700000038
37.46484700000038
37.46484700000038
37.46484700000038
37.46484700000038
37.46484700000038
37.46484700000038
37.46484700000038
37.46484700000038
37.46484700000038
37.46484700000038
37.46484700000038
37.46484700000038
37.46484700000038
37.46484700000038
37.46484700000038
37.46484700000038
37.46484700000038
37.46484700000038
37.46484700000038
37.46484700000038
37.46484700000038
37.46484700000038
37.46484700000038
37.46484700000038
37.46484700000038
37.46484700000038
37.46484700000038
37.46484700000038
37.46484700000038
37.46484700000038
37.46484700000038
37.46484700000038
37.46484700000038
37.46484700000038
37.46484700000038
37.46484700000038
37.46484700000038
37.46484700000038
37.46484700000038
37.46484700000038
37.46484700000038
37.46484700000038
37.46484700000038
37.46484700000038
37.46484700000038
37.46484700000038
37.46484700000038
37.46484700000038
37.46484700000038
37.46484700000038
37.46484700000038
37.46484700000038
37.46484700000038
37.46484700000038
37.46484700000038
37.46484700000038
37.46484700000038
37.46484700000038
37.46484700000038
37.46484700000038
37.46484700000038
37.46484700000038
37.46484700000038
37.46484700000038
37.46484700000038
37.46484700000038
37.46484700000038
37.46484700000038
37.46484700000038
37.46484700000038
37.46484700000038
37.46484700000038
37.46484700000038
37.46484700000038
37.46484700000038
37.46484700000038
37.46484700000038
37.46484700000038
37.46484700000038
37.46484700000038
37.46484700000038
37.46484700000038
37.46484700000038
37.46484700000038
37.46484700000038
37.46484700000038
37.46484700000038
37.46484700000038
37.46484700000038
37.46484700000038
37.46484700000038
37.46484700000038
37.46484700000038
37.46484700000038
37.46484700000038
37.46484700000038
37.46484700000038
37.46484700000038
37.46484700000038
37.46484700000038
37.46484700000038
37.46484700000038
37.46484700000038
37.46484700000038
37.46484700000038
37.46484700000038
37.46484700000038
37.46484700000038
37.46484700000038
37.46484700000038
37.46484700000038
37.46484700000038
37.46484700000038
37.46484700000038
37.46484700000038
37.46484700000038
37.46484700000038
37.46484700000038
37.46484700000038
37.46484700000038
37.46484700000038
37.46484700000038
37.46484700000038
37.46484700000038
37.46484700000038
37.46484700000038
37.46484700000038
37.46484700000038
37.46484700000038
37.46484700000038
37.46484700000038
37.46484700000038
37.46484700000038
37.46484700000038
37.46484700000038
37.46484700000038
37.46484700000038
37.46484700000038
37.46484700000038
37.46484700000038
37.46484700000038
37.46484700000038
37.46484700000038
37.46484700000038
37.46484700000038
37.46484700000038
37.46484700000038
37.46484700000038
37.46484700000038
37.46484700000038
37.46484700000038
37.46484700000038
37.46484700000038
37.46484700000038
37.46484700000038
37.46484700000038
37.46484700000038
37.46484700000038
37.46484700000038
37.46484700000038
37.46484700000038
37.46484700000038
37.46484700000038
37.46484700000038
37.46484700000038
37.46484700000038
37.46484700000038
37.46484700000038
37.46484700000038
37.46484700000038
37.46484700000038
37.46484700000038
37.46484700000038
37.46484700000038
37.46484700000038
37.46484700000038
37.46484700000038
37.46484700000038
37.46484700000038
37.46484700000038
37.46484700000038
37.46484700000038
37.46484700000038
37.46484700000038
37.46484700000038
37.46484700000038
37.46484700000038
37.46484700000038
37.46484700000038
37.46484700000038
37.46484700000038
37.46484700000038
37.46484700000038
37.46484700000038
37.46484700000038
37.46484700000038
37.46484700000038
37.46484700000038
37.46484700000038
37.46484700000038
37.46484700000038
37.46484700000038
37.46484700000038
37.46484700000038
37.46484700000038
37.46484700000038
37.46484700000038
37.46484700000038
37.46484700000038
37.46484700000038
37.46484700000038
37.46484700000038
37.46484700000038
37.46484700000038
37.46484700000038
37.46484700000038
37.46484700000038
37.46484700000038
37.46484700000038
37.46484700000038
37.46484700000038
37.46484700000038
37.46484700000038
37.46484700000038
37.46484700000038
37.46484700000038
37.46484700000038
37.46484700000038
37.46484700000038
37.46484700000038
37.46484700000038
37.46484700000038
37.46484700000038
37.46484700000038
37.46484700000038
37.46484700000038
37.46484700000038
37.46484700000038
37.46484700000038
37.46484700000038
37.46484700000038
37.46484700000038
37.46484700000038
37.46484700000038
37.46484700000038
37.46484700000038
37.46484700000038
37.46484700000038
37.46484700000038
37.46484700000038
37.46484700000038
37.46484700000038
37.46484700000038
37.46484700000038
37.46484700000038
37.46484700000038
37.46484700000038
37.46484700000038
37.46484700000038
37.46484700000038
37.46484700000038
37.46484700000038
37.46484700000038
37.46484700000038
37.46484700000038
37.46484700000038
37.46484700000038
37.46484700000038
37.46484700000038
37.46484700000038
37.46484700000038
37.46484700000038
37.46484700000038
37.46484700000038
37.46484700000038
37.46484700000038
37.46484700000038
37.46484700000038
37.46484700000038
37.46484700000038
37.46484700000038
37.46484700000038
37.46484700000038
37.46484700000038
37.46484700000038
37.46484700000038
37.46484700000038
37.46484700000038
37.46484700000038
37.46484700000038
37.46484700000038
37.46484700000038
37.46484700000038
37.46484700000038
37.46484700000038
37.46484700000038
37.46484700000038
37.46484700000038
37.46484700000038
37.46484700000038
37.46484700000038
37.46484700000038
37.46484700000038
37.46484700000038
37.46484700000038
37.46484700000038
37.46484700000038
37.46484700000038
37.46484700000038
37.46484700000038
37.46484700000038
37.46484700000038
37.46484700000038
37.46484700000038
37.46484700000038
37.46484700000038
37.46484700000038
37.46484700000038
37.46484700000038
37.46484700000038
37.46484700000038
37.46484700000038
37.46484700000038
37.46484700000038
37.46484700000038
37.46484700000038
37.46484700000038
37.46484700000038
37.46484700000038
37.46484700000038
37.46484700000038
37.46484700000038
37.46484700000038
37.46484700000038
37.46484700000038
37.46484700000038
37.46484700000038
37.46484700000038
37.46484700000038
37.46484700000038
37.46484700000038
37.46484700000038
37.46484700000038
37.46484700000038
37.46484700000038
37.46484700000038
37.46484700000038
37.46484700000038
37.46484700000038
37.46484700000038
37.46484700000038
37.46484700000038
37.46484700000038
37.46484700000038
37.46484700000038
37.46484700000038
37.46484700000038
37.46484700000038
37.46484700000038
37.46484700000038
37.46484700000038
37.46484700000038
37.46484700000038
37.46484700000038
37.46484700000038
37.46484700000038
37.46484700000038
37.46484700000038
37.46484700000038
37.46484700000038
37.46484700000038
37.46484700000038
37.46484700000038
37.46484700000038
37.46484700000038
37.46484700000038
37.46484700000038
37.46484700000038
37.46484700000038
37.46484700000038
37.46484700000038
37.46484700000038
37.46484700000038
37.46484700000038
37.46484700000038
37.46484700000038
37.46484700000038
37.46484700000038
37.46484700000038
37.46484700000038
37.46484700000038
37.46484700000038
37.46484700000038
37.46484700000038
37.46484700000038
37.46484700000038
37.46484700000038
37.46484700000038
37.46484700000038
37.46484700000038
37.46484700000038
37.46484700000038
37.46484700000038
37.46484700000038
37.46484700000038
37.46484700000038
37.46484700000038
37.46484700000038
37.46484700000038
37.46484700000038
37.46484700000038
37.46484700000038
37.46484700000038
37.46484700000038
37.46484700000038
37.46484700000038
37.46484700000038
37.46484700000038
37.46484700000038
37.46484700000038
37.46484700000038
37.46484700000038
37.46484700000038
37.46484700000038
37.46484700000038
37.46484700000038
37.46484700000038
37.46484700000038
37.46484700000038
37.46484700000038
37.46484700000038
37.46484700000038
37.46484700000038
37.46484700000038
37.46484700000038
37.46484700000038
37.46484700000038
37.46484700000038
37.46484700000038
37.46484700000038
37.46484700000038
37.46484700000038
37.46484700000038
37.46484700000038
37.46484700000038
37.46484700000038
37.46484700000038
37.46484700000038
37.46484700000038
37.46484700000038
37.46484700000038
37.46484700000038
37.46484700000038
37.46484700000038
37.46484700000038
37.46484700000038
37.46484700000038
37.46484700000038
37.46484700000038
37.46484700000038
37.46484700000038
37.46484700000038
37.46484700000038
37.46484700000038
37.46484700000038
37.46484700000038
37.46484700000038
37.46484700000038
37.46484700000038
37.46484700000038
37.46484700000038
37.46484700000038
37.46484700000038
37.46484700000038
37.46484700000038
37.46484700000038
37.46484700000038
37.46484700000038
37.46484700000038
37.46484700000038
37.46484700000038
37.46484700000038
37.46484700000038
37.46484700000038
37.46484700000038
37.46484700000038
37.46484700000038
37.46484700000038
37.46484700000038
37.46484700000038
37.46484700000038
37.46484700000038
37.46484700000038
37.46484700000038
37.46484700000038
37.46484700000038
37.46484700000038
37.46484700000038
37.46484700000038
37.46484700000038
37.46484700000038
37.46484700000038
37.46484700000038
37.46484700000038
37.46484700000038
37.46484700000038
37.46484700000038
37.46484700000038
37.46484700000038
37.46484700000038
37.46484700000038
37.46484700000038
37.46484700000038
37.46484700000038
37.46484700000038
37.46484700000038
37.46484700000038
37.46484700000038
37.46484700000038
37.46484700000038
37.46484700000038
37.46484700000038
37.46484700000038
37.46484700000038
37.46484700000038
37.46484700000038
37.46484700000038
37.46484700000038
37.46484700000038
37.46484700000038
37.46484700000038
37.46484700000038
37.46484700000038
37.46484700000038
37.46484700000038
37.46484700000038
37.46484700000038
37.46484700000038
37.46484700000038
37.46484700000038
37.46484700000038
37.46484700000038
37.46484700000038
37.46484700000038
37.46484700000038
37.46484700000038
37.46484700000038
37.46484700000038
37.46484700000038
37.46484700000038
37.46484700000038
37.46484700000038
37.46484700000038
37.46484700000038
37.46484700000038
37.46484700000038
37.46484700000038
37.46484700000038
37.46484700000038
37.46484700000038
37.46484700000038
37.46484700000038
37.46484700000038
37.46484700000038
37.46484700000038
37.46484700000038
37.46484700000038
37.46484700000038
37.46484700000038
37.46484700000038
37.46484700000038
37.46484700000038
37.46484700000038
37.46484700000038
37.46484700000038
37.46484700000038
37.46484700000038
37.46484700000038
37.46484700000038
37.46484700000038
37.46484700000038
37.46484700000038
37.46484700000038
37.46484700000038
37.46484700000038
37.46484700000038
37.46484700000038
37.46484700000038
37.46484700000038
37.46484700000038
37.46484700000038
37.46484700000038
37.46484700000038
37.46484700000038
37.46484700000038
37.46484700000038
37.46484700000038
37.46484700000038
37.46484700000038
37.46484700000038
37.46484700000038
37.46484700000038
37.46484700000038
37.46484700000038
37.46484700000038
37.46484700000038
37.46484700000038
37.46484700000038
37.46484700000038
37.46484700000038
37.46484700000038
37.46484700000038
37.46484700000038
37.46484700000038
37.46484700000038
37.46484700000038
37.46484700000038
37.46484700000038
37.46484700000038
37.46484700000038
37.46484700000038
37.46484700000038
37.46484700000038
37.46484700000038
37.46484700000038
37.46484700000038
37.46484700000038
37.46484700000038
37.46484700000038
37.46484700000038
37.46484700000038
37.46484700000038
37.46484700000038
37.46484700000038
37.46484700000038
37.46484700000038
37.46484700000038
37.46484700000038
37.46484700000038
37.46484700000038
37.46484700000038
37.46484700000038
37.46484700000038
37.46484700000038
37.46484700000038
37.46484700000038
37.46484700000038
37.46484700000038
37.46484700000038
37.46484700000038
37.46484700000038
37.46484700000038
37.46484700000038
37.46484700000038
37.46484700000038
37.46484700000038
37.46484700000038
37.46484700000038
37.46484700000038
37.46484700000038
37.46484700000038
37.46484700000038
37.46484700000038
37.46484700000038
37.46484700000038
37.46484700000038
37.46484700000038
37.46484700000038
37.46484700000038
37.46484700000038
37.46484700000038
37.46484700000038
37.46484700000038
37.46484700000038
37.46484700000038
37.46484700000038
37.46484700000038
37.46484700000038
37.46484700000038
37.46484700000038
37.46484700000038
37.46484700000038
37.46484700000038
37.46484700000038
37.46484700000038
37.46484700000038
37.46484700000038
37.46484700000038
37.46484700000038
37.46484700000038
37.46484700000038
37.46484700000038
37.46484700000038
37.46484700000038
37.46484700000038
37.46484700000038
37.46484700000038
37.46484700000038
37.46484700000038
37.46484700000038
37.46484700000038
37.46484700000038
37.46484700000038
37.46484700000038
37.46484700000038
37.46484700000038
37.46484700000038
37.46484700000038
37.46484700000038
37.46484700000038
37.46484700000038
37.46484700000038
37.46484700000038
37.46484700000038
37.46484700000038
37.46484700000038
37.46484700000038
37.46484700000038
37.46484700000038
37.46484700000038
37.46484700000038
37.46484700000038
37.46484700000038
37.46484700000038
37.46484700000038
37.46484700000038
37.46484700000038
37.46484700000038
37.46484700000038
37.46484700000038
37.46484700000038
37.46484700000038
37.46484700000038
37.46484700000038
37.46484700000038
37.46484700000038
37.46484700000038
37.46484700000038
37.46484700000038
37.46484700000038
37.46484700000038
37.46484700000038
37.46484700000038
37.46484700000038
37.46484700000038
37.46484700000038
37.46484700000038
37.46484700000038
37.46484700000038
37.46484700000038
37.46484700000038
37.46484700000038
37.46484700000038
37.46484700000038
37.46484700000038
37.46484700000038
37.46484700000038
37.46484700000038
37.46484700000038
37.46484700000038
37.46484700000038
37.46484700000038
37.46484700000038
37.46484700000038
37.46484700000038
37.46484700000038
37.46484700000038
37.46484700000038
37.46484700000038
37.46484700000038
37.46484700000038
37.46484700000038
37.46484700000038
37.46484700000038
37.46484700000038
37.46484700000038
37.46484700000038
37.46484700000038
37.46484700000038
37.46484700000038
37.46484700000038
37.46484700000038
37.46484700000038
37.46484700000038
37.46484700000038
37.46484700000038
37.46484700000038
37.46484700000038
37.46484700000038
37.46484700000038
37.46484700000038
37.46484700000038
37.46484700000038
37.46484700000038
37.46484700000038
37.46484700000038
37.46484700000038
37.46484700000038
37.46484700000038
37.46484700000038
37.46484700000038
37.46484700000038
37.46484700000038
37.46484700000038
37.46484700000038
37.46484700000038
37.46484700000038
37.46484700000038
37.46484700000038
37.46484700000038
37.46484700000038
37.46484700000038
37.46484700000038
37.46484700000038
37.46484700000038
37.46484700000038
37.46484700000038
37.46484700000038
37.46484700000038
37.46484700000038
37.46484700000038
37.46484700000038
37.46484700000038
37.46484700000038
37.46484700000038
37.46484700000038
37.46484700000038
37.46484700000038
37.46484700000038
37.46484700000038
37.46484700000038
37.46484700000038
37.46484700000038
37.46484700000038
37.46484700000038
37.46484700000038
37.46484700000038
37.46484700000038
37.46484700000038
37.46484700000038
37.46484700000038
37.46484700000038
37.46484700000038
37.46484700000038
37.46484700000038
37.46484700000038
37.46484700000038
37.46484700000038
37.46484700000038
37.46484700000038
37.46484700000038
37.46484700000038
37.46484700000038
37.46484700000038
37.46484700000038
37.46484700000038
37.46484700000038
37.46484700000038
37.46484700000038
37.46484700000038
37.46484700000038
37.46484700000038
37.46484700000038
37.46484700000038
37.46484700000038
37.46484700000038
37.46484700000038
37.46484700000038
37.46484700000038
37.46484700000038
37.46484700000038
37.46484700000038
37.46484700000038
37.46484700000038
37.46484700000038
37.46484700000038
37.46484700000038
37.46484700000038
37.46484700000038
37.46484700000038
37.46484700000038
37.46484700000038
37.46484700000038
37.46484700000038
37.46484700000038
37.46484700000038
37.46484700000038
37.46484700000038
37.46484700000038
37.46484700000038
37.46484700000038
37.46484700000038
37.46484700000038
37.46484700000038
37.46484700000038
37.46484700000038
37.46484700000038
37.46484700000038
37.46484700000038
37.46484700000038
37.46484700000038
37.46484700000038
37.46484700000038
37.46484700000038
37.46484700000038
37.46484700000038
37.46484700000038
37.46484700000038
37.46484700000038
37.46484700000038
37.46484700000038
37.46484700000038
37.46484700000038
37.46484700000038
37.46484700000038
37.46484700000038
37.46484700000038
37.46484700000038
37.46484700000038
37.46484700000038
37.46484700000038
37.46484700000038
37.46484700000038
37.46484700000038
37.46484700000038
37.46484700000038
37.46484700000038
37.46484700000038
37.46484700000038
37.46484700000038
37.46484700000038
37.46484700000038
37.46484700000038
37.46484700000038
37.46484700000038
37.46484700000038
37.46484700000038
37.46484700000038
37.46484700000038
37.46484700000038
37.46484700000038
37.46484700000038
37.46484700000038
37.46484700000038
37.46484700000038
37.46484700000038
37.46484700000038
37.46484700000038
37.46484700000038
37.46484700000038
37.46484700000038
37.46484700000038
37.46484700000038
37.46484700000038
37.46484700000038
37.46484700000038
37.46484700000038
37.46484700000038
37.46484700000038
37.46484700000038
37.46484700000038
37.46484700000038
37.46484700000038
37.46484700000038
37.46484700000038
37.46484700000038
37.46484700000038
37.46484700000038
37.46484700000038
37.46484700000038
37.46484700000038
37.46484700000038
37.46484700000038
37.46484700000038
37.46484700000038
37.46484700000038
37.46484700000038
37.46484700000038
37.46484700000038
37.46484700000038
37.46484700000038
37.46484700000038
37.46484700000038
37.46484700000038
37.46484700000038
37.46484700000038
37.46484700000038
37.46484700000038
37.46484700000038
37.46484700000038
37.46484700000038
37.46484700000038
37.46484700000038
37.46484700000038
37.46484700000038
37.46484700000038
37.46484700000038
37.46484700000038
37.46484700000038
37.46484700000038
37.46484700000038
37.46484700000038
37.46484700000038
37.46484700000038
37.46484700000038
37.46484700000038
37.46484700000038
37.46484700000038
37.46484700000038
37.46484700000038
37.46484700000038
37.46484700000038
37.46484700000038
37.46484700000038
37.46484700000038
37.46484700000038
37.46484700000038
37.46484700000038
37.46484700000038
37.46484700000038
37.46484700000038
37.46484700000038
37.46484700000038
37.46484700000038
37.46484700000038
37.46484700000038
37.46484700000038
37.46484700000038
37.46484700000038
37.46484700000038
37.46484700000038
37.46484700000038
37.46484700000038
37.46484700000038
37.46484700000038
37.46484700000038
37.46484700000038
37.46484700000038
37.46484700000038
37.46484700000038
37.46484700000038
37.46484700000038
37.46484700000038
37.46484700000038
37.46484700000038
37.46484700000038
37.46484700000038
37.46484700000038
37.46484700000038
37.46484700000038
37.46484700000038
37.46484700000038
37.46484700000038
37.46484700000038
37.46484700000038
37.46484700000038
37.46484700000038
37.46484700000038
37.46484700000038
37.46484700000038
37.46484700000038
37.46484700000038
37.46484700000038
37.46484700000038
37.46484700000038
37.46484700000038
37.46484700000038
37.46484700000038
37.46484700000038
37.46484700000038
37.46484700000038
37.46484700000038
37.46484700000038
37.46484700000038
37.46484700000038
37.46484700000038
37.46484700000038
37.46484700000038
37.46484700000038
37.46484700000038
37.46484700000038
37.46484700000038
37.46484700000038
37.46484700000038
37.46484700000038
37.46484700000038
37.46484700000038
37.46484700000038
37.46484700000038
37.46484700000038
37.46484700000038
37.46484700000038
37.46484700000038
37.46484700000038
37.46484700000038
37.46484700000038
37.46484700000038
37.46484700000038
37.46484700000038
37.46484700000038
37.46484700000038
37.46484700000038
37.46484700000038
37.46484700000038
37.46484700000038
37.46484700000038
37.46484700000038
37.46484700000038
37.46484700000038
37.46484700000038
37.46484700000038
37.46484700000038
37.46484700000038
37.46484700000038
37.46484700000038
37.46484700000038
37.46484700000038
37.46484700000038
37.46484700000038
37.46484700000038
37.46484700000038
37.46484700000038
37.46484700000038
37.46484700000038
37.46484700000038
37.46484700000038
37.46484700000038
37.46484700000038
37.46484700000038
37.46484700000038
37.46484700000038
37.46484700000038
37.46484700000038
37.46484700000038
37.46484700000038
37.46484700000038
37.46484700000038
37.46484700000038
37.46484700000038
37.46484700000038
37.46484700000038
37.46484700000038
37.46484700000038
37.46484700000038
37.46484700000038
37.46484700000038
37.46484700000038
37.46484700000038
37.46484700000038
37.46484700000038
37.46484700000038
37.46484700000038
37.46484700000038
37.46484700000038
37.46484700000038
37.46484700000038
37.46484700000038
37.46484700000038
37.46484700000038
37.46484700000038
37.46484700000038
37.46484700000038
37.46484700000038
37.46484700000038
37.46484700000038
37.46484700000038
37.46484700000038
37.46484700000038
37.46484700000038
37.46484700000038
37.46484700000038
37.46484700000038
37.46484700000038
37.46484700000038
37.46484700000038
37.46484700000038
37.46484700000038
37.46484700000038
37.46484700000038
37.46484700000038
37.46484700000038
37.46484700000038
37.46484700000038
37.46484700000038
37.46484700000038
37.46484700000038
37.46484700000038
37.46484700000038
37.46484700000038
37.46484700000038
37.46484700000038
37.46484700000038
37.46484700000038
37.46484700000038
37.46484700000038
37.46484700000038
37.46484700000038
37.46484700000038
37.46484700000038
37.46484700000038
37.46484700000038
37.46484700000038
37.46484700000038
37.46484700000038
37.46484700000038
37.46484700000038
37.46484700000038
37.46484700000038
37.46484700000038
37.46484700000038
37.46484700000038
37.46484700000038
37.46484700000038
37.46484700000038
37.46484700000038
37.46484700000038
37.46484700000038
37.46484700000038
37.46484700000038
37.46484700000038
37.46484700000038
37.46484700000038
37.46484700000038
37.46484700000038
37.46484700000038
37.46484700000038
37.46484700000038
37.46484700000038
37.46484700000038
37.46484700000038
37.46484700000038
37.46484700000038
37.46484700000038
37.46484700000038
37.46484700000038
37.46484700000038
37.46484700000038
37.46484700000038
37.46484700000038
37.46484700000038
37.46484700000038
37.46484700000038
37.46484700000038
37.46484700000038
37.46484700000038
37.46484700000038
37.46484700000038
37.46484700000038
37.46484700000038
37.46484700000038
37.46484700000038
37.46484700000038
37.46484700000038
37.46484700000038
37.46484700000038
37.46484700000038
37.46484700000038
37.46484700000038
37.46484700000038
37.46484700000038
37.46484700000038
37.46484700000038
37.46484700000038
37.46484700000038
37.46484700000038
37.46484700000038
37.46484700000038
37.46484700000038
37.46484700000038
37.46484700000038
37.46484700000038
37.46484700000038
37.46484700000038
37.46484700000038
37.46484700000038
37.46484700000038
37.46484700000038
37.46484700000038
37.46484700000038
37.46484700000038
37.46484700000038
37.46484700000038
37.46484700000038
37.46484700000038
37.46484700000038
37.46484700000038
37.46484700000038
37.46484700000038
37.46484700000038
37.46484700000038
37.46484700000038
37.46484700000038
37.46484700000038
37.46484700000038
37.46484700000038
37.46484700000038
37.46484700000038
37.46484700000038
37.46484700000038
37.46484700000038
37.46484700000038
37.46484700000038
37.46484700000038
37.46484700000038
37.46484700000038
37.46484700000038
37.46484700000038
37.46484700000038
37.46484700000038
37.46484700000038
37.46484700000038
37.46484700000038
37.46484700000038
37.46484700000038
37.46484700000038
37.46484700000038
37.46484700000038
37.46484700000038
37.46484700000038
37.46484700000038
37.46484700000038
37.46484700000038
37.46484700000038
37.46484700000038
37.46484700000038
37.46484700000038
37.46484700000038
37.46484700000038
37.46484700000038
37.46484700000038
37.46484700000038
37.46484700000038
37.46484700000038
37.46484700000038
37.46484700000038
37.46484700000038
37.46484700000038
37.46484700000038
37.46484700000038
37.46484700000038
37.46484700000038
37.46484700000038
37.46484700000038
37.46484700000038
37.46484700000038
37.46484700000038
37.46484700000038
37.46484700000038
37.46484700000038
37.46484700000038
37.46484700000038
37.46484700000038
37.46484700000038
37.46484700000038
37.46484700000038
37.46484700000038
37.46484700000038
37.46484700000038
37.46484700000038
37.46484700000038
37.46484700000038
37.46484700000038
37.46484700000038
37.46484700000038
37.46484700000038
37.46484700000038
37.46484700000038
37.46484700000038
37.46484700000038
37.46484700000038
37.46484700000038
37.46484700000038
37.46484700000038
37.46484700000038
37.46484700000038
37.46484700000038
37.46484700000038
37.46484700000038
37.46484700000038
37.46484700000038
37.46484700000038
37.46484700000038
37.46484700000038
37.46484700000038
37.46484700000038
37.46484700000038
37.46484700000038
37.46484700000038
37.46484700000038
37.46484700000038
37.46484700000038
37.46484700000038
37.46484700000038
37.46484700000038
37.46484700000038
37.46484700000038
37.46484700000038
37.46484700000038
37.46484700000038
37.46484700000038
37.46484700000038
37.46484700000038
37.46484700000038
37.46484700000038
37.46484700000038
37.46484700000038
37.46484700000038
37.46484700000038
37.46484700000038
37.46484700000038
37.46484700000038
37.46484700000038
37.46484700000038
37.46484700000038
37.46484700000038
37.46484700000038
37.46484700000038
37.46484700000038
37.46484700000038
37.46484700000038
37.46484700000038
37.46484700000038
37.46484700000038
37.46484700000038
37.46484700000038
37.46484700000038
37.46484700000038
37.46484700000038
37.46484700000038
37.46484700000038
37.46484700000038
37.46484700000038
37.46484700000038
37.46484700000038
37.46484700000038
37.46484700000038
37.46484700000038
37.46484700000038
37.46484700000038
37.46484700000038
37.46484700000038
37.46484700000038
37.46484700000038
37.46484700000038
37.46484700000038
37.46484700000038
37.46484700000038
37.46484700000038
37.46484700000038
37.46484700000038
37.46484700000038
37.46484700000038
37.46484700000038
37.46484700000038
37.46484700000038
37.46484700000038
37.46484700000038
37.46484700000038
37.46484700000038
37.46484700000038
37.46484700000038
37.46484700000038
37.46484700000038
37.46484700000038
37.46484700000038
37.46484700000038
37.46484700000038
37.46484700000038
37.46484700000038
37.46484700000038
37.46484700000038
37.46484700000038
37.46484700000038
37.46484700000038
37.46484700000038
37.46484700000038
37.46484700000038
37.46484700000038
37.46484700000038
37.46484700000038
37.46484700000038
37.46484700000038
37.46484700000038
37.46484700000038
37.46484700000038
37.46484700000038
37.46484700000038
37.46484700000038
37.46484700000038
37.46484700000038
37.46484700000038
37.46484700000038
37.46484700000038
37.46484700000038
37.46484700000038
37.46484700000038
37.46484700000038
37.46484700000038
37.46484700000038
37.46484700000038
37.46484700000038
37.46484700000038
37.46484700000038
37.46484700000038
37.46484700000038
37.46484700000038
37.46484700000038
37.46484700000038
37.46484700000038
37.46484700000038
37.46484700000038
37.46484700000038
37.46484700000038
37.46484700000038
37.46484700000038
37.46484700000038
37.46484700000038
37.46484700000038
37.46484700000038
37.46484700000038
37.46484700000038
37.46484700000038
37.46484700000038
37.46484700000038
37.46484700000038
37.46484700000038
37.46484700000038
37.46484700000038
37.46484700000038
37.46484700000038
37.46484700000038
37.46484700000038
37.46484700000038
37.46484700000038
37.46484700000038
37.46484700000038
37.46484700000038
37.46484700000038
37.46484700000038
37.46484700000038
37.46484700000038
37.46484700000038
37.46484700000038
37.46484700000038
37.46484700000038
37.46484700000038
37.46484700000038
37.46484700000038
37.46484700000038
37.46484700000038
37.46484700000038
37.46484700000038
37.46484700000038
37.46484700000038
37.46484700000038
37.46484700000038
37.46484700000038
37.46484700000038
37.46484700000038
37.46484700000038
37.46484700000038
37.46484700000038
37.46484700000038
37.46484700000038
37.46484700000038
37.46484700000038
37.46484700000038
37.46484700000038
37.46484700000038
37.46484700000038
37.46484700000038
37.46484700000038
37.46484700000038
37.46484700000038
37.46484700000038
37.46484700000038
37.46484700000038
37.46484700000038
37.46484700000038
37.46484700000038
37.46484700000038
37.46484700000038
37.46484700000038
37.46484700000038
37.46484700000038
37.46484700000038
37.46484700000038
37.46484700000038
37.46484700000038
37.46484700000038
37.46484700000038
37.46484700000038
37.46484700000038
37.46484700000038
37.46484700000038
37.46484700000038
37.46484700000038
37.46484700000038
37.46484700000038
37.46484700000038
37.46484700000038
37.46484700000038
37.46484700000038
37.46484700000038
37.46484700000038
37.46484700000038
37.46484700000038
37.46484700000038
37.46484700000038
37.46484700000038
37.46484700000038
37.46484700000038
37.46484700000038
37.46484700000038
37.46484700000038
37.46484700000038
37.46484700000038
37.46484700000038
37.46484700000038
37.46484700000038
37.46484700000038
37.46484700000038
37.46484700000038
37.46484700000038
37.46484700000038
37.46484700000038
37.46484700000038
37.46484700000038
37.46484700000038
37.46484700000038
37.46484700000038
37.46484700000038
37.46484700000038
37.46484700000038
37.46484700000038
37.46484700000038
37.46484700000038
37.46484700000038
37.46484700000038
37.46484700000038
37.46484700000038
37.46484700000038
37.46484700000038
37.46484700000038
37.46484700000038
37.46484700000038
37.46484700000038
37.46484700000038
37.46484700000038
37.46484700000038
37.46484700000038
37.46484700000038
37.46484700000038
37.46484700000038
37.46484700000038
37.46484700000038
37.46484700000038
37.46484700000038
37.46484700000038
37.46484700000038
37.46484700000038
37.46484700000038
37.46484700000038
37.46484700000038
37.46484700000038
37.46484700000038
37.46484700000038
37.46484700000038
37.46484700000038
37.46484700000038
37.46484700000038
37.46484700000038
37.46484700000038
37.46484700000038
37.46484700000038
37.46484700000038
37.46484700000038
37.46484700000038
37.46484700000038
37.46484700000038
37.46484700000038
37.46484700000038
37.46484700000038
37.46484700000038
37.46484700000038
37.46484700000038
37.46484700000038
37.46484700000038
37.46484700000038
37.46484700000038
37.46484700000038
37.46484700000038
37.46484700000038
37.46484700000038
37.46484700000038
37.46484700000038
37.46484700000038
37.46484700000038
37.46484700000038
37.46484700000038
37.46484700000038
37.46484700000038
37.46484700000038
37.46484700000038
37.46484700000038
37.46484700000038
37.46484700000038
37.46484700000038
37.46484700000038
37.46484700000038
37.46484700000038
37.46484700000038
37.46484700000038
37.46484700000038
37.46484700000038
37.46484700000038
37.46484700000038
37.46484700000038
37.46484700000038
37.46484700000038
37.46484700000038
37.46484700000038
37.46484700000038
37.46484700000038
37.46484700000038
37.46484700000038
37.46484700000038
37.46484700000038
37.46484700000038
37.46484700000038
37.46484700000038
37.46484700000038
37.46484700000038
37.46484700000038
37.46484700000038
37.46484700000038
37.46484700000038
37.46484700000038
37.46484700000038
37.46484700000038
37.46484700000038
37.46484700000038
37.46484700000038
37.46484700000038
37.46484700000038
37.46484700000038
37.46484700000038
37.46484700000038
37.46484700000038
37.46484700000038
37.46484700000038
37.46484700000038
37.46484700000038
37.46484700000038
37.46484700000038
37.46484700000038
37.46484700000038
37.46484700000038
37.46484700000038
37.46484700000038
37.46484700000038
37.46484700000038
37.46484700000038
37.46484700000038
37.46484700000038
37.46484700000038
37.46484700000038
37.46484700000038
37.46484700000038
37.46484700000038
37.46484700000038
37.46484700000038
37.46484700000038
37.46484700000038
37.46484700000038
37.46484700000038
37.46484700000038
37.46484700000038
37.46484700000038
37.46484700000038
37.46484700000038
37.46484700000038
37.46484700000038
37.46484700000038
37.46484700000038
37.46484700000038
37.46484700000038
37.46484700000038
37.46484700000038
37.46484700000038
37.46484700000038
37.46484700000038
37.46484700000038
37.46484700000038
37.46484700000038
37.46484700000038
37.46484700000038
37.46484700000038
37.46484700000038
37.46484700000038
37.46484700000038
37.46484700000038
37.46484700000038
37.46484700000038
37.46484700000038
37.46484700000038
37.46484700000038
37.46484700000038
37.46484700000038
37.46484700000038
37.46484700000038
37.46484700000038
37.46484700000038
37.46484700000038
37.46484700000038
37.46484700000038
37.46484700000038
37.46484700000038
37.46484700000038
37.46484700000038
37.46484700000038
37.46484700000038
37.46484700000038
37.46484700000038
37.46484700000038
37.46484700000038
37.46484700000038
37.46484700000038
37.46484700000038
37.46484700000038
37.46484700000038
37.46484700000038
37.46484700000038
37.46484700000038
37.46484700000038
37.46484700000038
37.46484700000038
37.46484700000038
37.46484700000038
37.46484700000038
37.46484700000038
37.46484700000038
37.46484700000038
37.46484700000038
37.46484700000038
37.46484700000038
37.46484700000038
37.46484700000038
37.46484700000038
37.46484700000038
37.46484700000038
37.46484700000038
37.46484700000038
37.46484700000038
37.46484700000038
37.46484700000038
37.46484700000038
37.46484700000038
37.46484700000038
37.46484700000038
37.46484700000038
37.46484700000038
37.46484700000038
37.46484700000038
37.46484700000038
37.46484700000038
37.46484700000038
37.46484700000038
37.46484700000038
37.46484700000038
37.46484700000038
37.46484700000038
37.46484700000038
37.46484700000038
37.46484700000038
37.46484700000038
37.46484700000038
37.46484700000038
37.46484700000038
37.46484700000038
37.46484700000038
37.46484700000038
37.46484700000038
37.46484700000038
37.46484700000038
37.46484700000038
37.46484700000038
37.46484700000038
37.46484700000038
37.46484700000038
37.46484700000038
37.46484700000038
37.46484700000038
37.46484700000038
37.46484700000038
37.46484700000038
37.46484700000038
37.46484700000038
37.46484700000038
37.46484700000038
37.46484700000038
37.46484700000038
37.46484700000038
37.46484700000038
37.46484700000038
37.46484700000038
37.46484700000038
37.46484700000038
37.46484700000038
37.46484700000038
37.46484700000038
37.46484700000038
37.46484700000038
37.46484700000038
37.46484700000038
37.46484700000038
37.46484700000038
37.46484700000038
37.46484700000038
37.46484700000038
37.46484700000038
37.46484700000038
37.46484700000038
37.46484700000038
37.46484700000038
37.46484700000038
37.46484700000038
37.46484700000038
37.46484700000038
37.46484700000038
37.46484700000038
37.46484700000038
37.46484700000038
37.46484700000038
37.46484700000038
37.46484700000038
37.46484700000038
37.46484700000038
37.46484700000038
37.46484700000038
37.46484700000038
37.46484700000038
37.46484700000038
37.46484700000038
37.46484700000038
37.46484700000038
37.46484700000038
37.46484700000038
37.46484700000038
37.46484700000038
37.46484700000038
37.46484700000038
37.46484700000038
37.46484700000038
37.46484700000038
37.46484700000038
37.46484700000038
37.46484700000038
37.46484700000038
37.46484700000038
37.46484700000038
37.46484700000038
37.46484700000038
37.46484700000038
37.46484700000038
37.46484700000038
37.46484700000038
37.46484700000038
37.46484700000038
37.46484700000038
37.46484700000038
37.46484700000038
37.46484700000038
37.46484700000038
37.46484700000038
37.46484700000038
37.46484700000038
37.46484700000038
37.46484700000038
37.46484700000038
37.46484700000038
37.46484700000038
37.46484700000038
37.46484700000038
37.46484700000038
37.46484700000038
37.46484700000038
37.46484700000038
37.46484700000038
37.46484700000038
37.46484700000038
37.46484700000038
37.46484700000038
37.46484700000038
37.46484700000038
37.46484700000038
37.46484700000038
37.46484700000038
37.46484700000038
37.46484700000038
37.46484700000038
37.46484700000038
37.46484700000038
37.46484700000038
37.46484700000038
37.46484700000038
37.46484700000038
37.46484700000038
37.46484700000038
37.46484700000038
37.46484700000038
37.46484700000038
37.46484700000038
37.46484700000038
37.46484700000038
37.46484700000038
37.46484700000038
37.46484700000038
37.46484700000038
37.46484700000038
37.46484700000038
37.46484700000038
37.46484700000038
37.46484700000038
37.46484700000038
37.46484700000038
37.46484700000038
37.46484700000038
37.46484700000038
37.46484700000038
37.46484700000038
37.46484700000038
37.46484700000038
37.46484700000038
37.46484700000038
37.46484700000038
37.46484700000038
37.46484700000038
37.46484700000038
37.46484700000038
37.46484700000038
37.46484700000038
37.46484700000038
37.46484700000038
37.46484700000038
37.46484700000038
37.46484700000038
37.46484700000038
37.46484700000038
37.46484700000038
37.46484700000038
37.46484700000038
37.46484700000038
37.46484700000038
37.46484700000038
37.46484700000038
37.46484700000038
37.46484700000038
37.46484700000038
37.46484700000038
37.46484700000038
37.46484700000038
37.46484700000038
37.46484700000038
37.46484700000038
37.46484700000038
37.46484700000038
37.46484700000038
37.46484700000038
37.46484700000038
37.46484700000038
37.46484700000038
37.46484700000038
37.46484700000038
37.46484700000038
37.46484700000038
37.46484700000038
37.46484700000038
37.46484700000038
37.46484700000038
37.46484700000038
37.46484700000038
37.46484700000038
37.46484700000038
37.46484700000038
37.46484700000038
37.46484700000038
37.46484700000038
37.46484700000038
37.46484700000038
37.46484700000038
37.46484700000038
37.46484700000038
37.46484700000038
37.46484700000038
37.46484700000038
37.46484700000038
37.46484700000038
37.46484700000038
37.46484700000038
37.46484700000038
37.46484700000038
37.46484700000038
37.46484700000038
37.46484700000038
37.46484700000038
37.46484700000038
37.46484700000038
37.46484700000038
37.46484700000038
37.46484700000038
37.46484700000038
37.46484700000038
37.46484700000038
37.46484700000038
37.46484700000038
37.46484700000038
37.46484700000038
37.46484700000038
37.46484700000038
37.46484700000038
37.46484700000038
37.46484700000038
37.46484700000038
37.46484700000038
37.46484700000038
37.46484700000038
37.46484700000038
37.46484700000038
37.46484700000038
37.46484700000038
37.46484700000038
37.46484700000038
37.46484700000038
37.46484700000038
37.46484700000038
37.46484700000038
37.46484700000038
37.46484700000038
37.46484700000038
37.46484700000038
37.46484700000038
37.46484700000038
37.46484700000038
37.46484700000038
37.46484700000038
37.46484700000038
37.46484700000038
37.46484700000038
37.46484700000038
37.46484700000038
37.46484700000038
37.46484700000038
37.46484700000038
37.46484700000038
37.46484700000038
37.46484700000038
37.46484700000038
37.46484700000038
37.46484700000038
37.46484700000038
37.46484700000038
37.46484700000038
37.46484700000038
37.46484700000038
37.46484700000038
37.46484700000038
37.46484700000038
37.46484700000038
37.46484700000038
37.46484700000038
37.46484700000038
37.46484700000038
37.46484700000038
37.46484700000038
37.46484700000038
37.46484700000038
37.46484700000038
37.46484700000038
37.46484700000038
37.46484700000038
37.46484700000038
37.46484700000038
37.46484700000038
37.46484700000038
37.46484700000038
37.46484700000038
37.46484700000038
37.46484700000038
37.46484700000038
37.46484700000038
37.46484700000038
37.46484700000038
37.46484700000038
37.46484700000038
37.46484700000038
37.46484700000038
37.46484700000038
37.46484700000038
37.46484700000038
37.46484700000038
37.46484700000038
37.46484700000038
37.46484700000038
37.46484700000038
37.46484700000038
37.46484700000038
37.46484700000038
37.46484700000038
37.46484700000038
37.46484700000038
37.46484700000038
37.46484700000038
37.46484700000038
37.46484700000038
37.46484700000038
37.46484700000038
37.46484700000038
37.46484700000038
37.46484700000038
37.46484700000038
37.46484700000038
37.46484700000038
37.46484700000038
37.46484700000038
37.46484700000038
37.46484700000038
37.46484700000038
37.46484700000038
37.46484700000038
37.46484700000038
37.46484700000038
37.46484700000038
37.46484700000038
37.46484700000038
37.46484700000038
37.46484700000038
37.46484700000038
37.46484700000038
37.46484700000038
37.46484700000038
37.46484700000038
37.46484700000038
37.46484700000038
37.46484700000038
37.46484700000038
37.46484700000038
37.46484700000038
37.46484700000038
37.46484700000038
37.46484700000038
37.46484700000038
37.46484700000038
37.46484700000038
37.46484700000038
37.46484700000038
37.46484700000038
37.46484700000038
37.46484700000038
37.46484700000038
37.46484700000038
37.46484700000038
37.46484700000038
37.46484700000038
37.46484700000038
37.46484700000038
37.46484700000038
37.46484700000038
37.46484700000038
37.46484700000038
37.46484700000038
37.46484700000038
37.46484700000038
37.46484700000038
37.46484700000038
37.46484700000038
37.46484700000038
37.46484700000038
37.46484700000038
37.46484700000038
37.46484700000038
37.46484700000038
37.46484700000038
37.46484700000038
37.46484700000038
37.46484700000038
37.46484700000038
37.46484700000038
37.46484700000038
37.46484700000038
37.46484700000038
37.46484700000038
37.46484700000038
37.46484700000038
37.46484700000038
37.46484700000038
37.46484700000038
37.46484700000038
37.46484700000038
37.46484700000038
37.46484700000038
37.46484700000038
37.46484700000038
37.46484700000038
37.46484700000038
37.46484700000038
37.46484700000038
37.46484700000038
37.46484700000038
37.46484700000038
37.46484700000038
37.46484700000038
37.46484700000038
37.46484700000038
37.46484700000038
37.46484700000038
37.46484700000038
37.46484700000038
37.46484700000038
37.46484700000038
37.46484700000038
37.46484700000038
37.46484700000038
37.46484700000038
37.46484700000038
37.46484700000038
37.46484700000038
37.46484700000038
37.46484700000038
37.46484700000038
37.46484700000038
37.46484700000038
37.46484700000038
37.46484700000038
37.46484700000038
37.46484700000038
37.46484700000038
37.46484700000038
37.46484700000038
37.46484700000038
37.46484700000038
37.46484700000038
37.46484700000038
37.46484700000038
37.46484700000038
37.46484700000038
37.46484700000038
37.46484700000038
37.46484700000038
37.46484700000038
37.46484700000038
37.46484700000038
37.46484700000038
37.46484700000038
37.46484700000038
37.46484700000038
37.46484700000038
37.46484700000038
37.46484700000038
37.46484700000038
37.46484700000038
37.46484700000038
37.46484700000038
37.46484700000038
37.46484700000038
37.46484700000038
37.46484700000038
37.46484700000038
37.46484700000038
37.46484700000038
37.46484700000038
37.46484700000038
37.46484700000038
37.46484700000038
37.46484700000038
37.46484700000038
37.46484700000038
37.46484700000038
37.46484700000038
37.46484700000038
37.46484700000038
37.46484700000038
37.46484700000038
37.46484700000038
37.46484700000038
37.46484700000038
37.46484700000038
37.46484700000038
37.46484700000038
37.46484700000038
37.46484700000038
37.46484700000038
37.46484700000038
37.46484700000038
37.46484700000038
37.46484700000038
37.46484700000038
37.46484700000038
37.46484700000038
37.46484700000038
37.46484700000038
37.46484700000038
37.46484700000038
37.46484700000038
37.46484700000038
37.46484700000038
37.46484700000038
37.46484700000038
37.46484700000038
37.46484700000038
37.46484700000038
37.46484700000038
37.46484700000038
37.46484700000038
37.46484700000038
37.46484700000038
37.46484700000038
37.46484700000038
37.46484700000038
37.46484700000038
37.46484700000038
37.46484700000038
37.46484700000038
37.46484700000038
37.46484700000038
37.46484700000038
37.46484700000038
37.46484700000038
37.46484700000038
37.46484700000038
37.46484700000038
37.46484700000038
37.46484700000038
37.46484700000038
37.46484700000038
37.46484700000038
37.46484700000038
37.46484700000038
37.46484700000038
37.46484700000038
37.46484700000038
37.46484700000038
37.46484700000038
37.46484700000038
37.46484700000038
37.46484700000038
37.46484700000038
37.46484700000038
37.46484700000038
37.46484700000038
37.46484700000038
37.46484700000038
37.46484700000038
37.46484700000038
37.46484700000038
37.46484700000038
37.46484700000038
37.46484700000038
37.46484700000038
37.46484700000038
37.46484700000038
37.46484700000038
37.46484700000038
37.46484700000038
37.46484700000038
37.46484700000038
37.46484700000038
37.46484700000038
37.46484700000038
37.46484700000038
37.46484700000038
37.46484700000038
37.46484700000038
37.46484700000038
37.46484700000038
37.46484700000038
37.46484700000038
37.46484700000038
37.46484700000038
37.46484700000038
37.46484700000038
37.46484700000038
37.46484700000038
37.46484700000038
37.46484700000038
37.46484700000038
37.46484700000038
37.46484700000038
37.46484700000038
37.46484700000038
37.46484700000038
37.46484700000038
37.46484700000038
37.46484700000038
37.46484700000038
37.46484700000038
37.46484700000038
37.46484700000038
37.46484700000038
37.46484700000038
37.46484700000038
37.46484700000038
37.46484700000038
37.46484700000038
37.46484700000038
37.46484700000038
37.46484700000038
37.46484700000038
37.46484700000038
37.46484700000038
37.46484700000038
37.46484700000038
37.46484700000038
37.46484700000038
37.46484700000038
37.46484700000038
37.46484700000038
37.46484700000038
37.46484700000038
37.46484700000038
37.46484700000038
37.46484700000038
37.46484700000038
37.46484700000038
37.46484700000038
37.46484700000038
37.46484700000038
37.46484700000038
37.46484700000038
37.46484700000038
37.46484700000038
37.46484700000038
37.46484700000038
37.46484700000038
37.46484700000038
37.46484700000038
37.46484700000038
37.46484700000038
37.46484700000038
37.46484700000038
37.46484700000038
37.46484700000038
37.46484700000038
37.46484700000038
37.46484700000038
37.46484700000038
37.46484700000038
37.46484700000038
37.46484700000038
37.46484700000038
37.46484700000038
37.46484700000038
37.46484700000038
37.46484700000038
37.46484700000038
37.46484700000038
37.46484700000038
37.46484700000038
37.46484700000038
37.46484700000038
37.46484700000038
37.46484700000038
37.46484700000038
37.46484700000038
37.46484700000038
37.46484700000038
37.46484700000038
37.46484700000038
37.46484700000038
37.46484700000038
37.46484700000038
37.46484700000038
37.46484700000038
37.46484700000038
37.46484700000038
37.46484700000038
37.46484700000038
37.46484700000038
37.46484700000038
37.46484700000038
37.46484700000038
37.46484700000038
37.46484700000038
37.46484700000038
37.46484700000038
37.46484700000038
37.46484700000038
37.46484700000038
37.46484700000038
37.46484700000038
37.46484700000038
37.46484700000038
37.46484700000038
37.46484700000038
37.46484700000038
37.46484700000038
37.46484700000038
37.46484700000038
37.46484700000038
37.46484700000038
37.46484700000038
37.46484700000038
37.46484700000038
37.46484700000038
37.46484700000038
37.46484700000038
37.46484700000038
37.46484700000038
37.46484700000038
37.46484700000038
37.46484700000038
37.46484700000038
37.46484700000038
37.46484700000038
37.46484700000038
37.46484700000038
37.46484700000038
37.46484700000038
37.46484700000038
37.46484700000038
37.46484700000038
37.46484700000038
37.46484700000038
37.46484700000038
37.46484700000038
37.46484700000038
37.46484700000038
37.46484700000038
37.46484700000038
37.46484700000038
37.46484700000038
37.46484700000038
37.46484700000038
37.46484700000038
37.46484700000038
37.46484700000038
37.46484700000038
37.46484700000038
37.46484700000038
37.46484700000038
37.46484700000038
37.46484700000038
37.46484700000038
37.46484700000038
37.46484700000038
37.46484700000038
37.46484700000038
37.46484700000038
37.46484700000038
37.46484700000038
37.46484700000038
37.46484700000038
37.46484700000038
37.46484700000038
37.46484700000038
37.46484700000038
37.46484700000038
37.46484700000038
37.46484700000038
37.46484700000038
37.46484700000038
37.46484700000038
37.46484700000038
37.46484700000038
37.46484700000038
37.46484700000038
37.46484700000038
37.46484700000038
37.46484700000038
37.46484700000038
37.46484700000038
37.46484700000038
37.46484700000038
37.46484700000038
37.46484700000038
37.46484700000038
37.46484700000038
37.46484700000038
37.46484700000038
37.46484700000038
37.46484700000038
37.46484700000038
37.46484700000038
37.46484700000038
37.46484700000038
37.46484700000038
37.46484700000038
37.46484700000038
37.46484700000038
37.46484700000038
37.46484700000038
37.46484700000038
37.46484700000038
37.46484700000038
37.46484700000038
37.46484700000038
37.46484700000038
37.46484700000038
37.46484700000038
37.46484700000038
37.46484700000038
37.46484700000038
37.46484700000038
37.46484700000038
37.46484700000038
37.46484700000038
37.46484700000038
37.46484700000038
37.46484700000038
37.46484700000038
37.46484700000038
37.46484700000038
37.46484700000038
37.46484700000038
37.46484700000038
37.46484700000038
37.46484700000038
37.46484700000038
37.46484700000038
37.46484700000038
37.46484700000038
37.46484700000038
37.46484700000038
37.46484700000038
37.46484700000038
37.46484700000038
37.46484700000038
37.46484700000038
37.46484700000038
37.46484700000038
37.46484700000038
37.46484700000038
37.46484700000038
37.46484700000038
37.46484700000038
37.46484700000038
37.46484700000038
37.46484700000038
37.46484700000038
37.46484700000038
37.46484700000038
37.46484700000038
37.46484700000038
37.46484700000038
37.46484700000038
37.46484700000038
37.46484700000038
37.46484700000038
37.46484700000038
37.46484700000038
37.46484700000038
37.46484700000038
37.46484700000038
37.46484700000038
37.46484700000038
37.46484700000038
37.46484700000038
37.46484700000038
37.46484700000038
37.46484700000038
37.46484700000038
37.46484700000038
37.46484700000038
37.46484700000038
37.46484700000038
37.46484700000038
37.46484700000038
37.46484700000038
37.46484700000038
37.46484700000038
37.46484700000038
37.46484700000038
37.46484700000038
37.46484700000038
37.46484700000038
37.46484700000038
37.46484700000038
37.46484700000038
37.46484700000038
37.46484700000038
37.46484700000038
37.46484700000038
37.46484700000038
37.46484700000038
37.46484700000038
37.46484700000038
37.46484700000038
37.46484700000038
37.46484700000038
37.46484700000038
37.46484700000038
37.46484700000038
37.46484700000038
37.46484700000038
37.46484700000038
37.46484700000038
37.46484700000038
37.46484700000038
37.46484700000038
37.46484700000038
37.46484700000038
37.46484700000038
37.46484700000038
37.46484700000038
37.46484700000038
37.46484700000038
37.46484700000038
37.46484700000038
37.46484700000038
37.46484700000038
37.46484700000038
37.46484700000038
37.46484700000038
37.46484700000038
37.46484700000038
37.46484700000038
37.46484700000038
37.46484700000038
37.46484700000038
37.46484700000038
37.46484700000038
37.46484700000038
37.46484700000038
37.46484700000038
37.46484700000038
37.46484700000038
37.46484700000038
37.46484700000038
37.46484700000038
37.46484700000038
37.46484700000038
37.46484700000038
37.46484700000038
37.46484700000038
37.46484700000038
37.46484700000038
37.46484700000038
37.46484700000038
37.46484700000038
37.46484700000038
37.46484700000038
37.46484700000038
37.46484700000038
37.46484700000038
37.46484700000038
37.46484700000038
37.46484700000038
37.46484700000038
37.46484700000038
37.46484700000038
37.46484700000038
37.46484700000038
37.46484700000038
37.46484700000038
37.46484700000038
37.46484700000038
37.46484700000038
37.46484700000038
37.46484700000038
37.46484700000038
37.46484700000038
37.46484700000038
37.46484700000038
37.46484700000038
37.46484700000038
37.46484700000038
37.46484700000038
37.46484700000038
37.46484700000038
37.46484700000038
37.46484700000038
37.46484700000038
37.46484700000038
37.46484700000038
37.46484700000038
37.46484700000038
37.46484700000038
37.46484700000038
37.46484700000038
37.46484700000038
37.46484700000038
37.46484700000038
37.46484700000038
37.46484700000038
37.46484700000038
37.46484700000038
37.46484700000038
37.46484700000038
37.46484700000038
37.46484700000038
37.46484700000038
37.46484700000038
37.46484700000038
37.46484700000038
37.46484700000038
37.46484700000038
37.46484700000038
37.46484700000038
37.46484700000038
37.46484700000038
37.46484700000038
37.46484700000038
37.46484700000038
37.46484700000038
37.46484700000038
37.46484700000038
37.46484700000038
37.46484700000038
37.46484700000038
37.46484700000038
37.46484700000038
37.46484700000038
37.46484700000038
37.46484700000038
37.46484700000038
37.46484700000038
37.46484700000038
37.46484700000038
37.46484700000038
37.46484700000038
37.46484700000038
37.46484700000038
37.46484700000038
37.46484700000038
37.46484700000038
37.46484700000038
37.46484700000038
37.46484700000038
37.46484700000038
37.46484700000038
37.46484700000038
37.46484700000038
37.46484700000038
37.46484700000038
37.46484700000038
37.46484700000038
37.46484700000038
37.46484700000038
37.46484700000038
37.46484700000038
37.46484700000038
37.46484700000038
37.46484700000038
37.46484700000038
37.46484700000038
37.46484700000038
37.46484700000038
37.46484700000038
37.46484700000038
37.46484700000038
37.46484700000038
37.46484700000038
37.46484700000038
37.46484700000038
37.46484700000038
37.46484700000038
37.46484700000038
37.46484700000038
37.46484700000038
37.46484700000038
37.46484700000038
37.46484700000038
37.46484700000038
37.46484700000038
37.46484700000038
37.46484700000038
37.46484700000038
37.46484700000038
37.46484700000038
37.46484700000038
37.46484700000038
37.46484700000038
37.46484700000038
37.46484700000038
37.46484700000038
37.46484700000038
37.46484700000038
37.46484700000038
37.46484700000038
37.46484700000038
37.46484700000038
37.46484700000038
37.46484700000038
37.46484700000038
37.46484700000038
37.46484700000038
37.46484700000038
37.46484700000038
37.46484700000038
37.46484700000038
37.46484700000038
37.46484700000038
37.46484700000038
37.46484700000038
37.46484700000038
37.46484700000038
37.46484700000038
37.46484700000038
37.46484700000038
37.46484700000038
37.46484700000038
37.46484700000038
37.46484700000038
37.46484700000038
37.46484700000038
37.46484700000038
37.46484700000038
37.46484700000038
37.46484700000038
37.46484700000038
37.46484700000038
37.46484700000038
37.46484700000038
37.46484700000038
37.46484700000038
37.46484700000038
37.46484700000038
37.46484700000038
37.46484700000038
37.46484700000038
37.46484700000038
37.46484700000038
37.46484700000038
37.46484700000038
37.46484700000038
37.46484700000038
37.46484700000038
37.46484700000038
37.46484700000038
37.46484700000038
37.46484700000038
37.46484700000038
37.46484700000038
37.46484700000038
37.46484700000038
37.46484700000038
37.46484700000038
37.46484700000038
37.46484700000038
37.46484700000038
37.46484700000038
37.46484700000038
37.46484700000038
37.46484700000038
37.46484700000038
37.46484700000038
37.46484700000038
37.46484700000038
37.46484700000038
37.46484700000038
37.46484700000038
37.46484700000038
37.46484700000038
37.46484700000038
37.46484700000038
37.46484700000038
37.46484700000038
37.46484700000038
37.46484700000038
37.46484700000038
37.46484700000038
37.46484700000038
37.46484700000038
37.46484700000038
37.46484700000038
37.46484700000038
37.46484700000038
37.46484700000038
37.46484700000038
37.46484700000038
37.46484700000038
37.46484700000038
37.46484700000038
37.46484700000038
37.46484700000038
37.46484700000038
37.46484700000038
37.46484700000038
37.46484700000038
37.46484700000038
37.46484700000038
37.46484700000038
37.46484700000038
37.46484700000038
37.46484700000038
37.46484700000038
37.46484700000038
37.46484700000038
37.46484700000038
37.46484700000038
37.46484700000038
37.46484700000038
37.46484700000038
37.46484700000038
37.46484700000038
37.46484700000038
37.46484700000038
37.46484700000038
37.46484700000038
37.46484700000038
37.46484700000038
37.46484700000038
37.46484700000038
37.46484700000038
37.46484700000038
37.46484700000038
37.46484700000038
37.46484700000038
37.46484700000038
37.46484700000038
37.46484700000038
37.46484700000038
37.46484700000038
37.46484700000038
37.46484700000038
37.46484700000038
37.46484700000038
37.46484700000038
37.46484700000038
37.46484700000038
37.46484700000038
37.46484700000038
37.46484700000038
37.46484700000038
37.46484700000038
37.46484700000038
37.46484700000038
37.46484700000038
37.46484700000038
37.46484700000038
37.46484700000038
37.46484700000038
37.46484700000038
37.46484700000038
37.46484700000038
37.46484700000038
37.46484700000038
37.46484700000038
37.46484700000038
37.46484700000038
37.46484700000038
37.46484700000038
37.46484700000038
37.46484700000038
37.46484700000038
37.46484700000038
37.46484700000038
37.46484700000038
37.46484700000038
37.46484700000038
37.46484700000038
37.46484700000038
37.46484700000038
37.46484700000038
37.46484700000038
37.46484700000038
37.46484700000038
37.46484700000038
37.46484700000038
37.46484700000038
37.46484700000038
37.46484700000038
37.46484700000038
37.46484700000038
37.46484700000038
37.46484700000038
37.46484700000038
37.46484700000038
37.46484700000038
37.46484700000038
37.46484700000038
37.46484700000038
37.46484700000038
37.46484700000038
37.46484700000038
37.46484700000038
37.46484700000038
37.46484700000038
37.46484700000038
37.46484700000038
37.46484700000038
37.46484700000038
37.46484700000038
37.46484700000038
37.46484700000038
37.46484700000038
37.46484700000038
37.46484700000038
37.46484700000038
37.46484700000038
37.46484700000038
37.46484700000038
37.46484700000038
37.46484700000038
37.46484700000038
37.46484700000038
37.46484700000038
37.46484700000038
37.46484700000038
37.46484700000038
37.46484700000038
37.46484700000038
37.46484700000038
37.46484700000038
37.46484700000038
37.46484700000038
37.46484700000038
37.46484700000038
37.46484700000038
37.46484700000038
37.46484700000038
37.46484700000038
37.46484700000038
37.46484700000038
37.46484700000038
37.46484700000038
37.46484700000038
37.46484700000038
37.46484700000038
37.46484700000038
37.46484700000038
37.46484700000038
37.46484700000038
37.46484700000038
37.46484700000038
37.46484700000038
37.46484700000038
37.46484700000038
37.46484700000038
37.46484700000038
37.46484700000038
37.46484700000038
37.46484700000038
37.46484700000038
37.46484700000038
37.46484700000038
37.46484700000038
37.46484700000038
37.46484700000038
37.46484700000038
37.46484700000038
37.46484700000038
37.46484700000038
37.46484700000038
37.46484700000038
37.46484700000038
37.46484700000038
37.46484700000038
37.46484700000038
37.46484700000038
37.46484700000038
37.46484700000038
37.46484700000038
37.46484700000038
37.46484700000038
37.46484700000038
37.46484700000038
37.46484700000038
37.46484700000038
37.46484700000038
37.46484700000038
37.46484700000038
37.46484700000038
37.46484700000038
37.46484700000038
37.46484700000038
37.46484700000038
37.46484700000038
37.46484700000038
37.46484700000038
37.46484700000038
37.46484700000038
37.46484700000038
37.46484700000038
37.46484700000038
37.46484700000038
37.46484700000038
37.46484700000038
37.46484700000038
37.46484700000038
37.46484700000038
37.46484700000038
37.46484700000038
37.46484700000038
37.46484700000038
37.46484700000038
37.46484700000038
37.46484700000038
37.46484700000038
37.46484700000038
37.46484700000038
37.46484700000038
37.46484700000038
37.46484700000038
37.46484700000038
37.46484700000038
37.46484700000038
37.46484700000038
37.46484700000038
37.46484700000038
37.46484700000038
37.46484700000038
37.46484700000038
37.46484700000038
37.46484700000038
37.46484700000038
37.46484700000038
37.46484700000038
37.46484700000038
37.46484700000038
37.46484700000038
37.46484700000038
37.46484700000038
37.46484700000038
37.46484700000038
37.46484700000038
37.46484700000038
37.46484700000038
37.46484700000038
37.46484700000038
37.46484700000038
37.46484700000038
37.46484700000038
37.46484700000038
37.46484700000038
37.46484700000038
37.46484700000038
37.46484700000038
37.46484700000038
37.46484700000038
37.46484700000038
37.46484700000038
37.46484700000038
37.46484700000038
37.46484700000038
37.46484700000038
37.46484700000038
37.46484700000038
37.46484700000038
37.46484700000038
37.46484700000038
37.46484700000038
37.46484700000038
37.46484700000038
37.46484700000038
37.46484700000038
37.46484700000038
37.46484700000038
37.46484700000038
37.46484700000038
37.46484700000038
37.46484700000038
37.46484700000038
37.46484700000038
37.46484700000038
37.46484700000038
37.46484700000038
37.46484700000038
37.46484700000038
37.46484700000038
37.46484700000038
37.46484700000038
37.46484700000038
37.46484700000038
37.46484700000038
37.46484700000038
37.46484700000038
37.46484700000038
37.46484700000038
37.46484700000038
37.46484700000038
37.46484700000038
37.46484700000038
37.46484700000038
37.46484700000038
37.46484700000038
37.46484700000038
37.46484700000038
37.46484700000038
37.46484700000038
37.46484700000038
37.46484700000038
37.46484700000038
37.46484700000038
37.46484700000038
37.46484700000038
37.46484700000038
37.46484700000038
37.46484700000038
37.46484700000038
37.46484700000038
37.46484700000038
37.46484700000038
37.46484700000038
37.46484700000038
37.46484700000038
37.46484700000038
37.46484700000038
37.46484700000038
37.46484700000038
37.46484700000038
37.46484700000038
37.46484700000038
37.46484700000038
37.46484700000038
37.46484700000038
37.46484700000038
37.46484700000038
37.46484700000038
37.46484700000038
37.46484700000038
37.46484700000038
37.46484700000038
37.46484700000038
37.46484700000038
37.46484700000038
37.46484700000038
37.46484700000038
37.46484700000038
37.46484700000038
37.46484700000038
37.46484700000038
37.46484700000038
37.46484700000038
37.46484700000038
37.46484700000038
37.46484700000038
37.46484700000038
37.46484700000038
37.46484700000038
37.46484700000038
37.46484700000038
37.46484700000038
37.46484700000038
37.46484700000038
37.46484700000038
37.46484700000038
37.46484700000038
37.46484700000038
37.46484700000038
37.46484700000038
37.46484700000038
37.46484700000038
37.46484700000038
37.46484700000038
37.46484700000038
37.46484700000038
37.46484700000038
37.46484700000038
37.46484700000038
37.46484700000038
37.46484700000038
37.46484700000038
37.46484700000038
37.46484700000038
37.46484700000038
37.46484700000038
37.46484700000038
37.46484700000038
37.46484700000038
37.46484700000038
37.46484700000038
37.46484700000038
37.46484700000038
37.46484700000038
37.46484700000038
37.46484700000038
37.46484700000038
37.46484700000038
37.46484700000038
37.46484700000038
37.46484700000038
37.46484700000038
37.46484700000038
37.46484700000038
37.46484700000038
37.46484700000038
37.46484700000038
37.46484700000038
37.46484700000038
37.46484700000038
37.46484700000038
37.46484700000038
37.46484700000038
37.46484700000038
37.46484700000038
37.46484700000038
37.46484700000038
37.46484700000038
37.46484700000038
37.46484700000038
37.46484700000038
37.46484700000038
37.46484700000038
37.46484700000038
37.46484700000038
37.46484700000038
37.46484700000038
37.46484700000038
37.46484700000038
37.46484700000038
37.46484700000038
37.46484700000038
37.46484700000038
37.46484700000038
37.46484700000038
37.46484700000038
37.46484700000038
37.46484700000038
37.46484700000038
37.46484700000038
37.46484700000038
37.46484700000038
37.46484700000038
37.46484700000038
37.46484700000038
37.46484700000038
37.46484700000038
37.46484700000038
37.46484700000038
37.46484700000038
37.46484700000038
37.46484700000038
37.46484700000038
37.46484700000038
37.46484700000038
37.46484700000038
37.46484700000038
37.46484700000038
37.46484700000038
37.46484700000038
37.46484700000038
37.46484700000038
37.46484700000038
37.46484700000038
37.46484700000038
37.46484700000038
37.46484700000038
37.46484700000038
37.46484700000038
37.46484700000038
37.46484700000038
37.46484700000038
37.46484700000038
37.46484700000038
37.46484700000038
37.46484700000038
37.46484700000038
37.46484700000038
37.46484700000038
37.46484700000038
37.46484700000038
37.46484700000038
37.46484700000038
37.46484700000038
37.46484700000038
37.46484700000038
37.46484700000038
37.46484700000038
37.46484700000038
37.46484700000038
37.46484700000038
37.46484700000038
37.46484700000038
37.46484700000038
37.46484700000038
37.46484700000038
37.46484700000038
37.46484700000038
37.46484700000038
37.46484700000038
37.46484700000038
37.46484700000038
37.46484700000038
37.46484700000038
37.46484700000038
37.46484700000038
37.46484700000038
37.46484700000038
37.46484700000038
37.46484700000038
37.46484700000038
37.46484700000038
37.46484700000038
37.46484700000038
37.46484700000038
37.46484700000038
37.46484700000038
37.46484700000038
37.46484700000038
37.46484700000038
37.46484700000038
37.46484700000038
37.46484700000038
37.46484700000038
37.46484700000038
37.46484700000038
37.46484700000038
37.46484700000038
37.46484700000038
37.46484700000038
37.46484700000038
37.46484700000038
37.46484700000038
37.46484700000038
37.46484700000038
37.46484700000038
37.46484700000038
37.46484700000038
37.46484700000038
37.46484700000038
37.46484700000038
37.46484700000038
37.46484700000038
37.46484700000038
37.46484700000038
37.46484700000038
37.46484700000038
37.46484700000038
37.46484700000038
37.46484700000038
37.46484700000038
37.46484700000038
37.46484700000038
37.46484700000038
37.46484700000038
37.46484700000038
37.46484700000038
37.46484700000038
37.46484700000038
37.46484700000038
37.46484700000038
37.46484700000038
37.46484700000038
37.46484700000038
37.46484700000038
37.46484700000038
37.46484700000038
37.46484700000038
37.46484700000038
37.46484700000038
37.46484700000038
37.46484700000038
37.46484700000038
37.46484700000038
37.46484700000038
37.46484700000038
37.46484700000038
37.46484700000038
37.46484700000038
37.46484700000038
37.46484700000038
37.46484700000038
37.46484700000038
37.46484700000038
37.46484700000038
37.46484700000038
37.46484700000038
37.46484700000038
37.46484700000038
37.46484700000038
37.46484700000038
37.46484700000038
37.46484700000038
37.46484700000038
37.46484700000038
37.46484700000038
37.46484700000038
37.46484700000038
37.46484700000038
37.46484700000038
37.46484700000038
37.46484700000038
37.46484700000038
37.46484700000038
37.46484700000038
37.46484700000038
37.46484700000038
37.46484700000038
37.46484700000038
37.46484700000038
37.46484700000038
37.46484700000038
37.46484700000038
37.46484700000038
37.46484700000038
37.46484700000038
37.46484700000038
37.46484700000038
37.46484700000038
37.46484700000038
37.46484700000038
37.46484700000038
37.46484700000038
37.46484700000038
37.46484700000038
37.46484700000038
37.46484700000038
37.46484700000038
37.46484700000038
37.46484700000038
37.46484700000038
37.46484700000038
37.46484700000038
37.46484700000038
37.46484700000038
37.46484700000038
37.46484700000038
37.46484700000038
37.46484700000038
37.46484700000038
37.46484700000038
37.46484700000038
37.46484700000038
37.46484700000038
37.46484700000038
37.46484700000038
37.46484700000038
37.46484700000038
37.46484700000038
37.46484700000038
37.46484700000038
37.46484700000038
37.46484700000038
37.46484700000038
37.46484700000038
37.46484700000038
37.46484700000038
37.46484700000038
37.46484700000038
37.46484700000038
37.46484700000038
37.46484700000038
37.46484700000038
37.46484700000038
37.46484700000038
37.46484700000038
37.46484700000038
37.46484700000038
37.46484700000038
37.46484700000038
37.46484700000038
37.46484700000038
37.46484700000038
37.46484700000038
37.46484700000038
37.46484700000038
37.46484700000038
37.46484700000038
37.46484700000038
37.46484700000038
37.46484700000038
37.46484700000038
37.46484700000038
37.46484700000038
37.46484700000038
37.46484700000038
37.46484700000038
37.46484700000038
37.46484700000038
37.46484700000038
37.46484700000038
37.46484700000038
37.46484700000038
37.46484700000038
37.46484700000038
37.46484700000038
37.46484700000038
37.46484700000038
37.46484700000038
37.46484700000038
37.46484700000038
37.46484700000038
37.46484700000038
37.46484700000038
37.46484700000038
37.46484700000038
37.46484700000038
37.46484700000038
37.46484700000038
37.46484700000038
37.46484700000038
37.46484700000038
37.46484700000038
37.46484700000038
37.46484700000038
37.46484700000038
37.46484700000038
37.46484700000038
37.46484700000038
37.46484700000038
37.46484700000038
37.46484700000038
37.46484700000038
37.46484700000038
37.46484700000038
37.46484700000038
37.46484700000038
37.46484700000038
37.46484700000038
37.46484700000038
37.46484700000038
37.46484700000038
37.46484700000038
37.46484700000038
37.46484700000038
37.46484700000038
37.46484700000038
37.46484700000038
37.46484700000038
37.46484700000038
37.46484700000038
37.46484700000038
37.46484700000038
37.46484700000038
37.46484700000038
37.46484700000038
37.46484700000038
37.46484700000038
37.46484700000038
37.46484700000038
37.46484700000038
37.46484700000038
37.46484700000038
37.46484700000038
37.46484700000038
37.46484700000038
37.46484700000038
37.46484700000038
37.46484700000038
37.46484700000038
37.46484700000038
37.46484700000038
37.46484700000038
37.46484700000038
37.46484700000038
37.46484700000038
37.46484700000038
37.46484700000038
37.46484700000038
37.46484700000038
37.46484700000038
37.46484700000038
37.46484700000038
37.46484700000038
37.46484700000038
37.46484700000038
37.46484700000038
37.46484700000038
37.46484700000038
37.46484700000038
37.46484700000038
37.46484700000038
37.46484700000038
37.46484700000038
37.46484700000038
37.46484700000038
37.46484700000038
37.46484700000038
37.46484700000038
37.46484700000038
37.46484700000038
37.46484700000038
37.46484700000038
37.46484700000038
37.46484700000038
37.46484700000038
37.46484700000038
37.46484700000038
37.46484700000038
37.46484700000038
37.46484700000038
37.46484700000038
37.46484700000038
37.46484700000038
37.46484700000038
37.46484700000038
37.46484700000038
37.46484700000038
37.46484700000038
37.46484700000038
37.46484700000038
37.46484700000038
37.46484700000038
37.46484700000038
37.46484700000038
37.46484700000038
37.46484700000038
37.46484700000038
37.46484700000038
37.46484700000038
37.46484700000038
37.46484700000038
37.46484700000038
37.46484700000038
37.46484700000038
37.46484700000038
37.46484700000038
37.46484700000038
37.46484700000038
37.46484700000038
37.46484700000038
37.46484700000038
37.46484700000038
37.46484700000038
37.46484700000038
37.46484700000038
37.46484700000038
37.46484700000038
37.46484700000038
37.46484700000038
37.46484700000038
37.46484700000038
37.46484700000038
37.46484700000038
37.46484700000038
37.46484700000038
37.46484700000038
37.46484700000038
37.46484700000038
37.46484700000038
37.46484700000038
37.46484700000038
37.46484700000038
37.46484700000038
37.46484700000038
37.46484700000038
37.46484700000038
37.46484700000038
37.46484700000038
37.46484700000038
37.46484700000038
37.46484700000038
37.46484700000038
37.46484700000038
37.46484700000038
37.46484700000038
37.46484700000038
37.46484700000038
37.46484700000038
37.46484700000038
37.46484700000038
37.46484700000038
37.46484700000038
37.46484700000038
37.46484700000038
37.46484700000038
37.46484700000038
37.46484700000038
37.46484700000038
37.46484700000038
37.46484700000038
37.46484700000038
37.46484700000038
37.46484700000038
37.46484700000038
37.46484700000038
37.46484700000038
37.46484700000038
37.46484700000038
37.46484700000038
37.46484700000038
37.46484700000038
37.46484700000038
37.46484700000038
37.46484700000038
37.46484700000038
37.46484700000038
37.46484700000038
37.46484700000038
37.46484700000038
37.46484700000038
37.46484700000038
37.46484700000038
37.46484700000038
37.46484700000038
37.46484700000038
37.46484700000038
37.46484700000038
37.46484700000038
37.46484700000038
37.46484700000038
37.46484700000038
37.46484700000038
37.46484700000038
37.46484700000038
37.46484700000038
37.46484700000038
37.46484700000038
37.46484700000038
37.46484700000038
37.46484700000038
37.46484700000038
37.46484700000038
37.46484700000038
37.46484700000038
37.46484700000038
37.46484700000038
37.46484700000038
37.46484700000038
37.46484700000038
37.46484700000038
37.46484700000038
37.46484700000038
37.46484700000038
37.46484700000038
37.46484700000038
37.46484700000038
37.46484700000038
37.46484700000038
37.46484700000038
37.46484700000038
37.46484700000038
37.46484700000038
37.46484700000038
37.46484700000038
37.46484700000038
37.46484700000038
37.46484700000038
37.46484700000038
37.46484700000038
37.46484700000038
37.46484700000038
37.46484700000038
37.46484700000038
37.46484700000038
37.46484700000038
37.46484700000038
37.46484700000038
37.46484700000038
37.46484700000038
37.46484700000038
37.46484700000038
37.46484700000038
37.46484700000038
37.46484700000038
37.46484700000038
37.46484700000038
37.46484700000038
37.46484700000038
37.46484700000038
37.46484700000038
37.46484700000038
37.46484700000038
37.46484700000038
37.46484700000038
37.46484700000038
37.46484700000038
37.46484700000038
37.46484700000038
37.46484700000038
37.46484700000038
37.46484700000038
37.46484700000038
37.46484700000038
37.46484700000038
37.46484700000038
37.46484700000038
37.46484700000038
37.46484700000038
37.46484700000038
37.46484700000038
37.46484700000038
37.46484700000038
37.46484700000038
37.46484700000038
37.46484700000038
37.46484700000038
37.46484700000038
37.46484700000038
37.46484700000038
37.46484700000038
37.46484700000038
37.46484700000038
37.46484700000038
37.46484700000038
37.46484700000038
37.46484700000038
37.46484700000038
37.46484700000038
37.46484700000038
37.46484700000038
37.46484700000038
37.46484700000038
37.46484700000038
37.46484700000038
37.46484700000038
37.46484700000038
37.46484700000038
37.46484700000038
37.46484700000038
37.46484700000038
37.46484700000038
37.46484700000038
37.46484700000038
37.46484700000038
37.46484700000038
37.46484700000038
37.46484700000038
37.46484700000038
37.46484700000038
37.46484700000038
37.46484700000038
37.46484700000038
37.46484700000038
37.46484700000038
37.46484700000038
37.46484700000038
37.46484700000038
37.46484700000038
37.46484700000038
37.46484700000038
37.46484700000038
37.46484700000038
37.46484700000038
37.46484700000038
37.46484700000038
37.46484700000038
37.46484700000038
37.46484700000038
37.46484700000038
37.46484700000038
37.46484700000038
37.46484700000038
37.46484700000038
37.46484700000038
37.46484700000038
37.46484700000038
37.46484700000038
37.46484700000038
37.46484700000038
37.46484700000038
37.46484700000038
37.46484700000038
37.46484700000038
37.46484700000038
37.46484700000038
37.46484700000038
37.46484700000038
37.46484700000038
37.46484700000038
37.46484700000038
37.46484700000038
37.46484700000038
37.46484700000038
37.46484700000038
37.46484700000038
37.46484700000038
37.46484700000038
37.46484700000038
37.46484700000038
37.46484700000038
37.46484700000038
37.46484700000038
37.46484700000038
37.46484700000038
37.46484700000038
37.46484700000038
37.46484700000038
37.46484700000038
37.46484700000038
37.46484700000038
37.46484700000038
37.46484700000038
37.46484700000038
37.46484700000038
37.46484700000038
37.46484700000038
37.46484700000038
37.46484700000038
37.46484700000038
37.46484700000038
37.46484700000038
37.46484700000038
37.46484700000038
37.46484700000038
37.46484700000038
37.46484700000038
37.46484700000038
37.46484700000038
37.46484700000038
37.46484700000038
37.46484700000038
37.46484700000038
37.46484700000038
37.46484700000038
37.46484700000038
37.46484700000038
37.46484700000038
37.46484700000038
37.46484700000038
37.46484700000038
37.46484700000038
37.46484700000038
37.46484700000038
37.46484700000038
37.46484700000038
37.46484700000038
37.46484700000038
37.46484700000038
37.46484700000038
37.46484700000038
37.46484700000038
37.46484700000038
37.46484700000038
37.46484700000038
37.46484700000038
37.46484700000038
37.46484700000038
37.46484700000038
37.46484700000038
37.46484700000038
37.46484700000038
37.46484700000038
37.46484700000038
37.46484700000038
37.46484700000038
37.46484700000038
37.46484700000038
37.46484700000038
37.46484700000038
37.46484700000038
37.46484700000038
37.46484700000038
37.46484700000038
37.46484700000038
37.46484700000038
37.46484700000038
37.46484700000038
37.46484700000038
37.46484700000038
37.46484700000038
37.46484700000038
37.46484700000038
37.46484700000038
37.46484700000038
37.46484700000038
37.46484700000038
37.46484700000038
37.46484700000038
37.46484700000038
37.46484700000038
37.46484700000038
37.46484700000038
37.46484700000038
37.46484700000038
37.46484700000038
37.46484700000038
37.46484700000038
37.46484700000038
37.46484700000038
37.46484700000038
37.46484700000038
37.46484700000038
37.46484700000038
37.46484700000038
37.46484700000038
37.46484700000038
37.46484700000038
37.46484700000038
37.46484700000038
37.46484700000038
37.46484700000038
37.46484700000038
37.46484700000038
37.46484700000038
37.46484700000038
37.46484700000038
37.46484700000038
37.46484700000038
37.46484700000038
37.46484700000038
37.46484700000038
37.46484700000038
37.46484700000038
37.46484700000038
37.46484700000038
37.46484700000038
37.46484700000038
37.46484700000038
37.46484700000038
37.46484700000038
37.46484700000038
37.46484700000038
37.46484700000038
37.46484700000038
37.46484700000038
37.46484700000038
37.46484700000038
37.46484700000038
37.46484700000038
37.46484700000038
37.46484700000038
37.46484700000038
37.46484700000038
37.46484700000038
37.46484700000038
37.46484700000038
37.46484700000038
37.46484700000038
37.46484700000038
37.46484700000038
37.46484700000038
37.46484700000038
37.46484700000038
37.46484700000038
37.46484700000038
37.46484700000038
37.46484700000038
37.46484700000038
37.46484700000038
37.46484700000038
37.46484700000038
37.46484700000038
37.46484700000038
37.46484700000038
37.46484700000038
37.46484700000038
37.46484700000038
37.46484700000038
37.46484700000038
37.46484700000038
37.46484700000038
37.46484700000038
37.46484700000038
37.46484700000038
37.46484700000038
37.46484700000038
37.46484700000038
37.46484700000038
37.46484700000038
37.46484700000038
37.46484700000038
37.46484700000038
37.46484700000038
37.46484700000038
37.46484700000038
37.46484700000038
37.46484700000038
37.46484700000038
37.46484700000038
37.46484700000038
37.46484700000038
37.46484700000038
37.46484700000038
37.46484700000038
37.46484700000038
37.46484700000038
37.46484700000038
37.46484700000038
37.46484700000038
37.46484700000038
37.46484700000038
37.46484700000038
37.46484700000038
37.46484700000038
37.46484700000038
37.46484700000038
37.46484700000038
37.46484700000038
37.46484700000038
37.46484700000038
37.46484700000038
37.46484700000038
37.46484700000038
37.46484700000038
37.46484700000038
37.46484700000038
37.46484700000038
37.46484700000038
37.46484700000038
37.46484700000038
37.46484700000038
37.46484700000038
37.46484700000038
37.46484700000038
37.46484700000038
37.46484700000038
37.46484700000038
37.46484700000038
37.46484700000038
37.46484700000038
37.46484700000038
37.46484700000038
37.46484700000038
37.46484700000038
37.46484700000038
37.46484700000038
37.46484700000038
37.46484700000038
37.46484700000038
37.46484700000038
37.46484700000038
37.46484700000038
37.46484700000038
37.46484700000038
37.46484700000038
37.46484700000038
37.46484700000038
37.46484700000038
37.46484700000038
37.46484700000038
37.46484700000038
37.46484700000038
37.46484700000038
37.46484700000038
37.46484700000038
37.46484700000038
37.46484700000038
37.46484700000038
37.46484700000038
37.46484700000038
37.46484700000038
37.46484700000038
37.46484700000038
37.46484700000038
37.46484700000038
37.46484700000038
37.46484700000038
37.46484700000038
37.46484700000038
37.46484700000038
37.46484700000038
37.46484700000038
37.46484700000038
37.46484700000038
37.46484700000038
37.46484700000038
37.46484700000038
37.46484700000038
37.46484700000038
37.46484700000038
37.46484700000038
37.46484700000038
37.46484700000038
37.46484700000038
37.46484700000038
37.46484700000038
37.46484700000038
37.46484700000038
37.46484700000038
37.46484700000038
37.46484700000038
37.46484700000038
37.46484700000038
37.46484700000038
37.46484700000038
37.46484700000038
37.46484700000038
37.46484700000038
37.46484700000038
37.46484700000038
37.46484700000038
37.46484700000038
37.46484700000038
37.46484700000038
37.46484700000038
37.46484700000038
37.46484700000038
37.46484700000038
37.46484700000038
37.46484700000038
37.46484700000038
37.46484700000038
37.46484700000038
37.46484700000038
37.46484700000038
37.46484700000038
37.46484700000038
37.46484700000038
37.46484700000038
37.46484700000038
37.46484700000038
37.46484700000038
37.46484700000038
37.46484700000038
37.46484700000038
37.46484700000038
37.46484700000038
37.46484700000038
37.46484700000038
37.46484700000038
37.46484700000038
37.46484700000038
37.46484700000038
37.46484700000038
37.46484700000038
37.46484700000038
37.46484700000038
37.46484700000038
37.46484700000038
37.46484700000038
37.46484700000038
37.46484700000038
37.46484700000038
37.46484700000038
37.46484700000038
37.46484700000038
37.46484700000038
37.46484700000038
37.46484700000038
37.46484700000038
37.46484700000038
37.46484700000038
37.46484700000038
37.46484700000038
37.46484700000038
37.46484700000038
37.46484700000038
37.46484700000038
37.46484700000038
37.46484700000038
37.46484700000038
37.46484700000038
37.46484700000038
37.46484700000038
37.46484700000038
37.46484700000038
37.46484700000038
37.46484700000038
37.46484700000038
37.46484700000038
37.46484700000038
37.46484700000038
37.46484700000038
37.46484700000038
37.46484700000038
37.46484700000038
37.46484700000038
37.46484700000038
37.46484700000038
37.46484700000038
37.46484700000038
37.46484700000038
37.46484700000038
37.46484700000038
37.46484700000038
37.46484700000038
37.46484700000038
37.46484700000038
37.46484700000038
37.46484700000038
37.46484700000038
37.46484700000038
37.46484700000038
37.46484700000038
37.46484700000038
37.46484700000038
37.46484700000038
37.46484700000038
37.46484700000038
37.46484700000038
37.46484700000038
37.46484700000038
37.46484700000038
37.46484700000038
37.46484700000038
37.46484700000038
37.46484700000038
37.46484700000038
37.46484700000038
37.46484700000038
37.46484700000038
37.46484700000038
37.46484700000038
37.46484700000038
37.46484700000038
37.46484700000038
37.46484700000038
37.46484700000038
37.46484700000038
37.46484700000038
37.46484700000038
37.46484700000038
37.46484700000038
37.46484700000038
37.46484700000038
37.46484700000038
37.46484700000038
37.46484700000038
37.46484700000038
37.46484700000038
37.46484700000038
37.46484700000038
37.46484700000038
37.46484700000038
37.46484700000038
37.46484700000038
37.46484700000038
37.46484700000038
37.46484700000038
37.46484700000038
37.46484700000038
37.46484700000038
37.46484700000038
37.46484700000038
37.46484700000038
37.46484700000038
37.46484700000038
37.46484700000038
37.46484700000038
37.46484700000038
37.46484700000038
37.46484700000038
37.46484700000038
37.46484700000038
37.46484700000038
37.46484700000038
37.46484700000038
37.46484700000038
37.46484700000038
37.46484700000038
37.46484700000038
37.46484700000038
37.46484700000038
37.46484700000038
37.46484700000038
37.46484700000038
37.46484700000038
37.46484700000038
37.46484700000038
37.46484700000038
37.46484700000038
37.46484700000038
37.46484700000038
37.46484700000038
37.46484700000038
37.46484700000038
37.46484700000038
37.46484700000038
37.46484700000038
37.46484700000038
37.46484700000038
37.46484700000038
37.46484700000038
37.46484700000038
37.46484700000038
37.46484700000038
37.46484700000038
37.46484700000038
37.46484700000038
37.46484700000038
37.46484700000038
37.46484700000038
37.46484700000038
37.46484700000038
37.46484700000038
37.46484700000038
37.46484700000038
37.46484700000038
37.46484700000038
37.46484700000038
37.46484700000038
37.46484700000038
37.46484700000038
37.46484700000038
37.46484700000038
37.46484700000038
37.46484700000038
37.46484700000038
37.46484700000038
37.46484700000038
37.46484700000038
37.46484700000038
37.46484700000038
37.46484700000038
37.46484700000038
37.46484700000038
37.46484700000038
37.46484700000038
37.46484700000038
37.46484700000038
37.46484700000038
37.46484700000038
37.46484700000038
37.46484700000038
37.46484700000038
37.46484700000038
37.46484700000038
37.46484700000038
37.46484700000038
37.46484700000038
37.46484700000038
37.46484700000038
37.46484700000038
37.46484700000038
37.46484700000038
37.46484700000038
37.46484700000038
37.46484700000038
37.46484700000038
37.46484700000038
37.46484700000038
37.46484700000038
37.46484700000038
37.46484700000038
37.46484700000038
37.46484700000038
37.46484700000038
37.46484700000038
37.46484700000038
37.46484700000038
37.46484700000038
37.46484700000038
37.46484700000038
37.46484700000038
37.46484700000038
37.46484700000038
37.46484700000038
37.46484700000038
37.46484700000038
37.46484700000038
37.46484700000038
37.46484700000038
37.46484700000038
37.46484700000038
37.46484700000038
37.46484700000038
37.46484700000038
37.46484700000038
37.46484700000038
37.46484700000038
37.46484700000038
37.46484700000038
37.46484700000038
37.46484700000038
37.46484700000038
37.46484700000038
37.46484700000038
37.46484700000038
37.46484700000038
37.46484700000038
37.46484700000038
37.46484700000038
37.46484700000038
37.46484700000038
37.46484700000038
37.46484700000038
37.46484700000038
37.46484700000038
37.46484700000038
37.46484700000038
37.46484700000038
37.46484700000038
37.46484700000038
37.46484700000038
37.46484700000038
37.46484700000038
37.46484700000038
37.46484700000038
37.46484700000038
37.46484700000038
37.46484700000038
37.46484700000038
37.46484700000038
37.46484700000038
37.46484700000038
37.46484700000038
37.46484700000038
37.46484700000038
37.46484700000038
37.46484700000038
37.46484700000038
37.46484700000038
37.46484700000038
37.46484700000038
37.46484700000038
37.46484700000038
37.46484700000038
37.46484700000038
37.46484700000038
37.46484700000038
37.46484700000038
37.46484700000038
37.46484700000038
37.46484700000038
37.46484700000038
37.46484700000038
37.46484700000038
37.46484700000038
37.46484700000038
37.46484700000038
37.46484700000038
37.46484700000038
37.46484700000038
37.46484700000038
37.46484700000038
37.46484700000038
37.46484700000038
37.46484700000038
37.46484700000038
37.46484700000038
37.46484700000038
37.46484700000038
37.46484700000038
37.46484700000038
37.46484700000038
37.46484700000038
37.46484700000038
37.46484700000038
37.46484700000038
37.46484700000038
37.46484700000038
37.46484700000038
37.46484700000038
37.46484700000038
37.46484700000038
37.46484700000038
37.46484700000038
37.46484700000038
37.46484700000038
37.46484700000038
37.46484700000038
37.46484700000038
37.46484700000038
37.46484700000038
37.46484700000038
37.46484700000038
37.46484700000038
37.46484700000038
37.46484700000038
37.46484700000038
37.46484700000038
37.46484700000038
37.46484700000038
37.46484700000038
37.46484700000038
37.46484700000038
37.46484700000038
37.46484700000038
37.46484700000038
37.46484700000038
37.46484700000038
37.46484700000038
37.46484700000038
37.46484700000038
37.46484700000038
37.46484700000038
37.46484700000038
37.46484700000038
37.46484700000038
37.46484700000038
37.46484700000038
37.46484700000038
37.46484700000038
37.46484700000038
37.46484700000038
37.46484700000038
37.46484700000038
37.46484700000038
37.46484700000038
37.46484700000038
37.46484700000038
37.46484700000038
37.46484700000038
37.46484700000038
37.46484700000038
37.46484700000038
37.46484700000038
37.46484700000038
37.46484700000038
37.46484700000038
37.46484700000038
37.46484700000038
37.46484700000038
37.46484700000038
37.46484700000038
37.46484700000038
37.46484700000038
37.46484700000038
37.46484700000038
37.46484700000038
37.46484700000038
37.46484700000038
37.46484700000038
37.46484700000038
37.46484700000038
37.46484700000038
37.46484700000038
37.46484700000038
37.46484700000038
37.46484700000038
37.46484700000038
37.46484700000038
37.46484700000038
37.46484700000038
37.46484700000038
37.46484700000038
37.46484700000038
37.46484700000038
37.46484700000038
37.46484700000038
37.46484700000038
37.46484700000038
37.46484700000038
37.46484700000038
37.46484700000038
37.46484700000038
37.46484700000038
37.46484700000038
37.46484700000038
37.46484700000038
37.46484700000038
37.46484700000038
37.46484700000038
37.46484700000038
37.46484700000038
37.46484700000038
37.46484700000038
37.46484700000038
37.46484700000038
37.46484700000038
37.46484700000038
37.46484700000038
37.46484700000038
37.46484700000038
37.46484700000038
37.46484700000038
37.46484700000038
37.46484700000038
37.46484700000038
37.46484700000038
37.46484700000038
37.46484700000038
37.46484700000038
37.46484700000038
37.46484700000038
37.46484700000038
37.46484700000038
37.46484700000038
37.46484700000038
37.46484700000038
37.46484700000038
37.46484700000038
37.46484700000038
37.46484700000038
37.46484700000038
37.46484700000038
37.46484700000038
37.46484700000038
37.46484700000038
37.46484700000038
37.46484700000038
37.46484700000038
37.46484700000038
37.46484700000038
37.46484700000038
37.46484700000038
37.46484700000038
37.46484700000038
37.46484700000038
37.46484700000038
37.46484700000038
37.46484700000038
37.46484700000038
37.46484700000038
37.46484700000038
37.46484700000038
37.46484700000038
37.46484700000038
37.46484700000038
37.46484700000038
37.46484700000038
37.46484700000038
37.46484700000038
37.46484700000038
37.46484700000038
37.46484700000038
37.46484700000038
37.46484700000038
37.46484700000038
37.46484700000038
37.46484700000038
37.46484700000038
37.46484700000038
37.46484700000038
37.46484700000038
37.46484700000038
37.46484700000038
37.46484700000038
37.46484700000038
37.46484700000038
37.46484700000038
37.46484700000038
37.46484700000038
37.46484700000038
37.46484700000038
37.46484700000038
37.46484700000038
37.46484700000038
37.46484700000038
37.46484700000038
37.46484700000038
37.46484700000038
37.46484700000038
37.46484700000038
37.46484700000038
37.46484700000038
37.46484700000038
37.46484700000038
37.46484700000038
37.46484700000038
37.46484700000038
37.46484700000038
37.46484700000038
37.46484700000038
37.46484700000038
37.46484700000038
37.46484700000038
37.46484700000038
37.46484700000038
37.46484700000038
37.46484700000038
37.46484700000038
37.46484700000038
37.46484700000038
37.46484700000038
37.46484700000038
37.46484700000038
37.46484700000038
37.46484700000038
37.46484700000038
37.46484700000038
37.46484700000038
37.46484700000038
37.46484700000038
37.46484700000038
37.46484700000038
37.46484700000038
37.46484700000038
37.46484700000038
37.46484700000038
37.46484700000038
37.46484700000038
37.46484700000038
37.46484700000038
37.46484700000038
37.46484700000038
37.46484700000038
37.46484700000038
37.46484700000038
37.46484700000038
37.46484700000038
37.46484700000038
37.46484700000038
37.46484700000038
37.46484700000038
37.46484700000038
37.46484700000038
37.46484700000038
37.46484700000038
37.46484700000038
37.46484700000038
37.46484700000038
37.46484700000038
37.46484700000038
37.46484700000038
37.46484700000038
37.46484700000038
37.46484700000038
37.46484700000038
37.46484700000038
37.46484700000038
37.46484700000038
37.46484700000038
37.46484700000038
37.46484700000038
37.46484700000038
37.46484700000038
37.46484700000038
37.46484700000038
37.46484700000038
37.46484700000038
37.46484700000038
37.46484700000038
37.46484700000038
37.46484700000038
37.46484700000038
37.46484700000038
37.46484700000038
37.46484700000038
37.46484700000038
37.46484700000038
37.46484700000038
37.46484700000038
37.46484700000038
37.46484700000038
37.46484700000038
37.46484700000038
37.46484700000038
37.46484700000038
37.46484700000038
37.46484700000038
37.46484700000038
37.46484700000038
37.46484700000038
37.46484700000038
37.46484700000038
37.46484700000038
37.46484700000038
37.46484700000038
37.46484700000038
37.46484700000038
37.46484700000038
37.46484700000038
37.46484700000038
37.46484700000038
37.46484700000038
37.46484700000038
37.46484700000038
37.46484700000038
37.46484700000038
37.46484700000038
37.46484700000038
37.46484700000038
37.46484700000038
37.46484700000038
37.46484700000038
37.46484700000038
37.46484700000038
37.46484700000038
37.46484700000038
37.46484700000038
37.46484700000038
37.46484700000038
37.46484700000038
37.46484700000038
37.46484700000038
37.46484700000038
37.46484700000038
37.46484700000038
37.46484700000038
37.46484700000038
37.46484700000038
37.46484700000038
37.46484700000038
37.46484700000038
37.46484700000038
37.46484700000038
37.46484700000038
37.46484700000038
37.46484700000038
37.46484700000038
37.46484700000038
37.46484700000038
37.46484700000038
37.46484700000038
37.46484700000038
37.46484700000038
37.46484700000038
37.46484700000038
37.46484700000038
37.46484700000038
37.46484700000038
37.46484700000038
37.46484700000038
37.46484700000038
37.46484700000038
37.46484700000038
37.46484700000038
37.46484700000038
37.46484700000038
37.46484700000038
37.46484700000038
37.46484700000038
37.46484700000038
37.46484700000038
37.46484700000038
37.46484700000038
37.46484700000038
37.46484700000038
37.46484700000038
37.46484700000038
37.46484700000038
37.46484700000038
37.46484700000038
37.46484700000038
37.46484700000038
37.46484700000038
37.46484700000038
37.46484700000038
37.46484700000038
37.46484700000038
37.46484700000038
37.46484700000038
37.46484700000038
37.46484700000038
37.46484700000038
37.46484700000038
37.46484700000038
37.46484700000038
37.46484700000038
37.46484700000038
37.46484700000038
37.46484700000038
37.46484700000038
37.46484700000038
37.46484700000038
37.46484700000038
37.46484700000038
37.46484700000038
37.46484700000038
37.46484700000038
37.46484700000038
37.46484700000038
37.46484700000038
37.46484700000038
37.46484700000038
37.46484700000038
37.46484700000038
37.46484700000038
37.46484700000038
37.46484700000038
37.46484700000038
37.46484700000038
37.46484700000038
37.46484700000038
37.46484700000038
37.46484700000038
37.46484700000038
37.46484700000038
37.46484700000038
37.46484700000038
37.46484700000038
37.46484700000038
37.46484700000038
37.46484700000038
37.46484700000038
37.46484700000038
37.46484700000038
37.46484700000038
37.46484700000038
37.46484700000038
37.46484700000038
37.46484700000038
37.46484700000038
37.46484700000038
37.46484700000038
37.46484700000038
37.46484700000038
37.46484700000038
37.46484700000038
37.46484700000038
37.46484700000038
37.46484700000038
37.46484700000038
37.46484700000038
37.46484700000038
37.46484700000038
37.46484700000038
37.46484700000038
37.46484700000038
37.46484700000038
37.46484700000038
37.46484700000038
37.46484700000038
37.46484700000038
37.46484700000038
37.46484700000038
37.46484700000038
37.46484700000038
37.46484700000038
37.46484700000038
37.46484700000038
37.46484700000038
37.46484700000038
37.46484700000038
37.46484700000038
37.46484700000038
37.46484700000038
37.46484700000038
37.46484700000038
37.46484700000038
37.46484700000038
37.46484700000038
37.46484700000038
37.46484700000038
37.46484700000038
37.46484700000038
37.46484700000038
37.46484700000038
37.46484700000038
37.46484700000038
37.46484700000038
37.46484700000038
37.46484700000038
37.46484700000038
37.46484700000038
37.46484700000038
37.46484700000038
37.46484700000038
37.46484700000038
37.46484700000038
37.46484700000038
37.46484700000038
37.46484700000038
37.46484700000038
37.46484700000038
37.46484700000038
37.46484700000038
37.46484700000038
37.46484700000038
37.46484700000038
37.46484700000038
37.46484700000038
37.46484700000038
37.46484700000038
37.46484700000038
37.46484700000038
37.46484700000038
37.46484700000038
37.46484700000038
37.46484700000038
37.46484700000038
37.46484700000038
37.46484700000038
37.46484700000038
37.46484700000038
37.46484700000038
37.46484700000038
37.46484700000038
37.46484700000038
37.46484700000038
37.46484700000038
37.46484700000038
37.46484700000038
37.46484700000038
37.46484700000038
37.46484700000038
37.46484700000038
37.46484700000038
37.46484700000038
37.46484700000038
37.46484700000038
37.46484700000038
37.46484700000038
37.46484700000038
37.46484700000038
37.46484700000038
37.46484700000038
37.46484700000038
37.46484700000038
37.46484700000038
37.46484700000038
37.46484700000038
37.46484700000038
37.46484700000038
37.46484700000038
37.46484700000038
37.46484700000038
37.46484700000038
37.46484700000038
37.46484700000038
37.46484700000038
37.46484700000038
37.46484700000038
37.46484700000038
37.46484700000038
37.46484700000038
37.46484700000038
37.46484700000038
37.46484700000038
37.46484700000038
37.46484700000038
37.46484700000038
37.46484700000038
37.46484700000038
37.46484700000038
37.46484700000038
37.46484700000038
37.46484700000038
37.46484700000038
37.46484700000038
37.46484700000038
37.46484700000038
37.46484700000038
37.46484700000038
37.46484700000038
37.46484700000038
37.46484700000038
37.46484700000038
37.46484700000038
37.46484700000038
37.46484700000038
37.46484700000038
37.46484700000038
37.46484700000038
37.46484700000038
37.46484700000038
37.46484700000038
37.46484700000038
37.46484700000038
37.46484700000038
37.46484700000038
37.46484700000038
37.46484700000038
37.46484700000038
37.46484700000038
37.46484700000038
37.46484700000038
37.46484700000038
37.46484700000038
37.46484700000038
37.46484700000038
37.46484700000038
37.46484700000038
37.46484700000038
37.46484700000038
37.46484700000038
37.46484700000038
37.46484700000038
37.46484700000038
37.46484700000038
37.46484700000038
37.46484700000038
37.46484700000038
37.46484700000038
37.46484700000038
37.46484700000038
37.46484700000038
37.46484700000038
37.46484700000038
37.46484700000038
37.46484700000038
37.46484700000038
37.46484700000038
37.46484700000038
37.46484700000038
37.46484700000038
37.46484700000038
37.46484700000038
37.46484700000038
37.46484700000038
37.46484700000038
37.46484700000038
37.46484700000038
37.46484700000038
37.46484700000038
37.46484700000038
37.46484700000038
37.46484700000038
37.46484700000038
37.46484700000038
37.46484700000038
37.46484700000038
37.46484700000038
37.46484700000038
37.46484700000038
37.46484700000038
37.46484700000038
37.46484700000038
37.46484700000038
37.46484700000038
37.46484700000038
37.46484700000038
37.46484700000038
37.46484700000038
37.46484700000038
37.46484700000038
37.46484700000038
37.46484700000038
37.46484700000038
37.46484700000038
37.46484700000038
37.46484700000038
37.46484700000038
37.46484700000038
37.46484700000038
37.46484700000038
37.46484700000038
37.46484700000038
37.46484700000038
37.46484700000038
37.46484700000038
37.46484700000038
37.46484700000038
37.46484700000038
37.46484700000038
37.46484700000038
37.46484700000038
37.46484700000038
37.46484700000038
37.46484700000038
37.46484700000038
37.46484700000038
37.46484700000038
37.46484700000038
37.46484700000038
37.46484700000038
37.46484700000038
37.46484700000038
37.46484700000038
37.46484700000038
37.46484700000038
37.46484700000038
37.46484700000038
37.46484700000038
37.46484700000038
37.46484700000038
37.46484700000038
37.46484700000038
37.46484700000038
37.46484700000038
37.46484700000038
37.46484700000038
37.46484700000038
37.46484700000038
37.46484700000038
37.46484700000038
37.46484700000038
37.46484700000038
37.46484700000038
37.46484700000038
37.46484700000038
37.46484700000038
37.46484700000038
37.46484700000038
37.46484700000038
37.46484700000038
37.46484700000038
37.46484700000038
37.46484700000038
37.46484700000038
37.46484700000038
37.46484700000038
37.46484700000038
37.46484700000038
37.46484700000038
37.46484700000038
37.46484700000038
37.46484700000038
37.46484700000038
37.46484700000038
37.46484700000038
37.46484700000038
37.46484700000038
37.46484700000038
37.46484700000038
37.46484700000038
37.46484700000038
37.46484700000038
37.46484700000038
37.46484700000038
37.46484700000038
37.46484700000038
37.46484700000038
37.46484700000038
37.46484700000038
37.46484700000038
37.46484700000038
37.46484700000038
37.46484700000038
37.46484700000038
37.46484700000038
37.46484700000038
37.46484700000038
37.46484700000038
37.46484700000038
37.46484700000038
37.46484700000038
37.46484700000038
37.46484700000038
37.46484700000038
37.46484700000038
37.46484700000038
37.46484700000038
37.46484700000038
37.46484700000038
37.46484700000038
37.46484700000038
37.46484700000038
37.46484700000038
37.46484700000038
37.46484700000038
37.46484700000038
37.46484700000038
37.46484700000038
37.46484700000038
37.46484700000038
37.46484700000038
37.46484700000038
37.46484700000038
37.46484700000038
37.46484700000038
37.46484700000038
37.46484700000038
37.46484700000038
37.46484700000038
37.46484700000038
37.46484700000038
37.46484700000038
37.46484700000038
37.46484700000038
37.46484700000038
37.46484700000038
37.46484700000038
37.46484700000038
37.46484700000038
37.46484700000038
37.46484700000038
37.46484700000038
37.46484700000038
37.46484700000038
37.46484700000038
37.46484700000038
37.46484700000038
37.46484700000038
37.46484700000038
37.46484700000038
37.46484700000038
37.46484700000038
37.46484700000038
37.46484700000038
37.46484700000038
37.46484700000038
37.46484700000038
37.46484700000038
37.46484700000038
37.46484700000038
37.46484700000038
37.46484700000038
37.46484700000038
37.46484700000038
37.46484700000038
37.46484700000038
37.46484700000038
37.46484700000038
37.46484700000038
37.46484700000038
37.46484700000038
37.46484700000038
37.46484700000038
37.46484700000038
37.46484700000038
37.46484700000038
37.46484700000038
37.46484700000038
37.46484700000038
37.46484700000038
37.46484700000038
37.46484700000038
37.46484700000038
37.46484700000038
37.46484700000038
37.46484700000038
37.46484700000038
37.46484700000038
37.46484700000038
37.46484700000038
37.46484700000038
37.46484700000038
37.46484700000038
37.46484700000038
37.46484700000038
37.46484700000038
37.46484700000038
37.46484700000038
37.46484700000038
37.46484700000038
37.46484700000038
37.46484700000038
37.46484700000038
37.46484700000038
37.46484700000038
37.46484700000038
37.46484700000038
37.46484700000038
37.46484700000038
37.46484700000038
37.46484700000038
37.46484700000038
37.46484700000038
37.46484700000038
37.46484700000038
37.46484700000038
37.46484700000038
37.46484700000038
37.46484700000038
37.46484700000038
37.46484700000038
37.46484700000038
37.46484700000038
37.46484700000038
37.46484700000038
37.46484700000038
37.46484700000038
37.46484700000038
37.46484700000038
37.46484700000038
37.46484700000038
37.46484700000038
37.46484700000038
37.46484700000038
37.46484700000038
37.46484700000038
37.46484700000038
37.46484700000038
37.46484700000038
37.46484700000038
37.46484700000038
37.46484700000038
37.46484700000038
37.46484700000038
37.46484700000038
37.46484700000038
37.46484700000038
37.46484700000038
37.46484700000038
37.46484700000038
37.46484700000038
37.46484700000038
37.46484700000038
37.46484700000038
37.46484700000038
37.46484700000038
37.46484700000038
37.46484700000038
37.46484700000038
37.46484700000038
37.46484700000038
37.46484700000038
37.46484700000038
37.46484700000038
37.46484700000038
37.46484700000038
37.46484700000038
37.46484700000038
37.46484700000038
37.46484700000038
37.46484700000038
37.46484700000038
37.46484700000038
37.46484700000038
37.46484700000038
37.46484700000038
37.46484700000038
37.46484700000038
37.46484700000038
37.46484700000038
37.46484700000038
37.46484700000038
37.46484700000038
37.46484700000038
37.46484700000038
37.46484700000038
37.46484700000038
37.46484700000038
37.46484700000038
37.46484700000038
37.46484700000038
37.46484700000038
37.46484700000038
37.46484700000038
37.46484700000038
37.46484700000038
37.46484700000038
37.46484700000038
37.46484700000038
37.46484700000038
37.46484700000038
37.46484700000038
37.46484700000038
37.46484700000038
37.46484700000038
37.46484700000038
37.46484700000038
37.46484700000038
37.46484700000038
37.46484700000038
37.46484700000038
37.46484700000038
37.46484700000038
37.46484700000038
37.46484700000038
37.46484700000038
37.46484700000038
37.46484700000038
37.46484700000038
37.46484700000038
37.46484700000038
37.46484700000038
37.46484700000038
37.46484700000038
37.46484700000038
37.46484700000038
37.46484700000038
37.46484700000038
37.46484700000038
37.46484700000038
37.46484700000038
37.46484700000038
37.46484700000038
37.46484700000038
37.46484700000038
37.46484700000038
37.46484700000038
37.46484700000038
37.46484700000038
37.46484700000038
37.46484700000038
37.46484700000038
37.46484700000038
37.46484700000038
37.46484700000038
37.46484700000038
37.46484700000038
37.46484700000038
37.46484700000038
37.46484700000038
37.46484700000038
37.46484700000038
37.46484700000038
37.46484700000038
37.46484700000038
37.46484700000038
37.46484700000038
37.46484700000038
37.46484700000038
37.46484700000038
37.46484700000038
37.46484700000038
37.46484700000038
37.46484700000038
37.46484700000038
37.46484700000038
37.46484700000038
37.46484700000038
37.46484700000038
37.46484700000038
37.46484700000038
37.46484700000038
37.46484700000038
37.46484700000038
37.46484700000038
37.46484700000038
37.46484700000038
37.46484700000038
37.46484700000038
37.46484700000038
37.46484700000038
37.46484700000038
37.46484700000038
37.46484700000038
37.46484700000038
37.46484700000038
37.46484700000038
37.46484700000038
37.46484700000038
37.46484700000038
37.46484700000038
37.46484700000038
37.46484700000038
37.46484700000038
37.46484700000038
37.46484700000038
37.46484700000038
37.46484700000038
37.46484700000038
37.46484700000038
37.46484700000038
37.46484700000038
37.46484700000038
37.46484700000038
37.46484700000038
37.46484700000038
37.46484700000038
37.46484700000038
37.46484700000038
37.46484700000038
37.46484700000038
37.46484700000038
37.46484700000038
37.46484700000038
37.46484700000038
37.46484700000038
37.46484700000038
37.46484700000038
37.46484700000038
37.46484700000038
37.46484700000038
37.46484700000038
37.46484700000038
37.46484700000038
37.46484700000038
37.46484700000038
37.46484700000038
37.46484700000038
37.46484700000038
37.46484700000038
37.46484700000038
37.46484700000038
37.46484700000038
37.46484700000038
37.46484700000038
37.46484700000038
37.46484700000038
37.46484700000038
37.46484700000038
37.46484700000038
37.46484700000038
37.46484700000038
37.46484700000038
37.46484700000038
37.46484700000038
37.46484700000038
37.46484700000038
37.46484700000038
37.46484700000038
37.46484700000038
37.46484700000038
37.46484700000038
37.46484700000038
37.46484700000038
37.46484700000038
37.46484700000038
37.46484700000038
37.46484700000038
37.46484700000038
37.46484700000038
37.46484700000038
37.46484700000038
37.46484700000038
37.46484700000038
37.46484700000038
37.46484700000038
37.46484700000038
37.46484700000038
37.46484700000038
37.46484700000038
37.46484700000038
37.46484700000038
37.46484700000038
37.46484700000038
37.46484700000038
37.46484700000038
37.46484700000038
37.46484700000038
37.46484700000038
37.46484700000038
37.46484700000038
37.46484700000038
37.46484700000038
37.46484700000038
37.46484700000038
37.46484700000038
37.46484700000038
37.46484700000038
37.46484700000038
37.46484700000038
37.46484700000038
37.46484700000038
37.46484700000038
37.46484700000038
37.46484700000038
37.46484700000038
37.46484700000038
37.46484700000038
37.46484700000038
37.46484700000038
37.46484700000038
37.46484700000038
37.46484700000038
37.46484700000038
37.46484700000038
37.46484700000038
37.46484700000038
37.46484700000038
37.46484700000038
37.46484700000038
37.46484700000038
37.46484700000038
37.46484700000038
37.46484700000038
37.46484700000038
37.46484700000038
37.46484700000038
37.46484700000038
37.46484700000038
37.46484700000038
37.46484700000038
37.46484700000038
37.46484700000038
37.46484700000038
37.46484700000038
37.46484700000038
37.46484700000038
37.46484700000038
37.46484700000038
37.46484700000038
37.46484700000038
37.46484700000038
37.46484700000038
37.46484700000038
37.46484700000038
37.46484700000038
37.46484700000038
37.46484700000038
37.46484700000038
37.46484700000038
37.46484700000038
37.46484700000038
37.46484700000038
37.46484700000038
37.46484700000038
37.46484700000038
37.46484700000038
37.46484700000038
37.46484700000038
37.46484700000038
37.46484700000038
37.46484700000038
37.46484700000038
37.46484700000038
37.46484700000038
37.46484700000038
37.46484700000038
37.46484700000038
37.46484700000038
37.46484700000038
37.46484700000038
37.46484700000038
37.46484700000038
37.46484700000038
37.46484700000038
37.46484700000038
37.46484700000038
37.46484700000038
37.46484700000038
37.46484700000038
37.46484700000038
37.46484700000038
37.46484700000038
37.46484700000038
37.46484700000038
37.46484700000038
37.46484700000038
37.46484700000038
37.46484700000038
37.46484700000038
37.46484700000038
37.46484700000038
37.46484700000038
37.46484700000038
37.46484700000038
37.46484700000038
37.46484700000038
37.46484700000038
37.46484700000038
37.46484700000038
37.46484700000038
37.46484700000038
37.46484700000038
37.46484700000038
37.46484700000038
37.46484700000038
37.46484700000038
37.46484700000038
37.46484700000038
37.46484700000038
37.46484700000038
37.46484700000038
37.46484700000038
37.46484700000038
37.46484700000038
37.46484700000038
37.46484700000038
37.46484700000038
37.46484700000038
37.46484700000038
37.46484700000038
37.46484700000038
37.46484700000038
37.46484700000038
37.46484700000038
37.46484700000038
37.46484700000038
37.46484700000038
37.46484700000038
37.46484700000038
37.46484700000038
37.46484700000038
37.46484700000038
37.46484700000038
37.46484700000038
37.46484700000038
37.46484700000038
37.46484700000038
37.46484700000038
37.46484700000038
37.46484700000038
37.46484700000038
37.46484700000038
37.46484700000038
37.46484700000038
37.46484700000038
37.46484700000038
37.46484700000038
37.46484700000038
37.46484700000038
37.46484700000038
37.46484700000038
37.46484700000038
37.46484700000038
37.46484700000038
37.46484700000038
37.46484700000038
37.46484700000038
37.46484700000038
37.46484700000038
37.46484700000038
37.46484700000038
37.46484700000038
37.46484700000038
37.46484700000038
37.46484700000038
37.46484700000038
37.46484700000038
37.46484700000038
37.46484700000038
37.46484700000038
37.46484700000038
37.46484700000038
37.46484700000038
37.46484700000038
37.46484700000038
37.46484700000038
37.46484700000038
37.46484700000038
37.46484700000038
37.46484700000038
37.46484700000038
37.46484700000038
37.46484700000038
37.46484700000038
37.46484700000038
37.46484700000038
37.46484700000038
37.46484700000038
37.46484700000038
37.46484700000038
37.46484700000038
37.46484700000038
37.46484700000038
37.46484700000038
37.46484700000038
37.46484700000038
37.46484700000038
37.46484700000038
37.46484700000038
37.46484700000038
37.46484700000038
37.46484700000038
37.46484700000038
37.46484700000038
37.46484700000038
37.46484700000038
37.46484700000038
37.46484700000038
37.46484700000038
37.46484700000038
37.46484700000038
37.46484700000038
37.46484700000038
37.46484700000038
37.46484700000038
37.46484700000038
37.46484700000038
37.46484700000038
37.46484700000038
37.46484700000038
37.46484700000038
37.46484700000038
37.46484700000038
37.46484700000038
37.46484700000038
37.46484700000038
37.46484700000038
37.46484700000038
37.46484700000038
37.46484700000038
37.46484700000038
37.46484700000038
37.46484700000038
37.46484700000038
37.46484700000038
37.46484700000038
37.46484700000038
37.46484700000038
37.46484700000038
37.46484700000038
37.46484700000038
37.46484700000038
37.46484700000038
37.46484700000038
37.46484700000038
37.46484700000038
37.46484700000038
37.46484700000038
37.46484700000038
37.46484700000038
37.46484700000038
37.46484700000038
37.46484700000038
37.46484700000038
37.46484700000038
37.46484700000038
37.46484700000038
37.46484700000038
37.46484700000038
37.46484700000038
37.46484700000038
37.46484700000038
37.46484700000038
37.46484700000038
37.46484700000038
37.46484700000038
37.46484700000038
37.46484700000038
37.46484700000038
37.46484700000038
37.46484700000038
37.46484700000038
37.46484700000038
37.46484700000038
37.46484700000038
37.46484700000038
37.46484700000038
37.46484700000038
37.46484700000038
37.46484700000038
37.46484700000038
37.46484700000038
37.46484700000038
37.46484700000038
37.46484700000038
37.46484700000038
37.46484700000038
37.46484700000038
37.46484700000038
37.46484700000038
37.46484700000038
37.46484700000038
37.46484700000038
37.46484700000038
37.46484700000038
37.46484700000038
37.46484700000038
37.46484700000038
37.46484700000038
37.46484700000038
37.46484700000038
37.46484700000038
37.46484700000038
37.46484700000038
37.46484700000038
37.46484700000038
37.46484700000038
37.46484700000038
37.46484700000038
37.46484700000038
37.46484700000038
37.46484700000038
37.46484700000038
37.46484700000038
37.46484700000038
37.46484700000038
37.46484700000038
37.46484700000038
37.46484700000038
37.46484700000038
37.46484700000038
37.46484700000038
37.46484700000038
37.46484700000038
37.46484700000038
37.46484700000038
37.46484700000038
37.46484700000038
37.46484700000038
37.46484700000038
37.46484700000038
37.46484700000038
37.46484700000038
37.46484700000038
37.46484700000038
37.46484700000038
37.46484700000038
37.46484700000038
37.46484700000038
37.46484700000038
37.46484700000038
37.46484700000038
37.46484700000038
37.46484700000038
37.46484700000038
37.46484700000038
37.46484700000038
37.46484700000038
37.46484700000038
37.46484700000038
37.46484700000038
37.46484700000038
37.46484700000038
37.46484700000038
37.46484700000038
37.46484700000038
37.46484700000038
37.46484700000038
37.46484700000038
37.46484700000038
37.46484700000038
37.46484700000038
37.46484700000038
37.46484700000038
37.46484700000038
37.46484700000038
37.46484700000038
37.46484700000038
37.46484700000038
37.46484700000038
37.46484700000038
37.46484700000038
37.46484700000038
37.46484700000038
37.46484700000038
37.46484700000038
37.46484700000038
37.46484700000038
37.46484700000038
37.46484700000038
37.46484700000038
37.46484700000038
37.46484700000038
37.46484700000038
37.46484700000038
37.46484700000038
37.46484700000038
37.46484700000038
37.46484700000038
37.46484700000038
37.46484700000038
37.46484700000038
37.46484700000038
37.46484700000038
37.46484700000038
37.46484700000038
37.46484700000038
37.46484700000038
37.46484700000038
37.46484700000038
37.46484700000038
37.46484700000038
37.46484700000038
37.46484700000038
37.46484700000038
37.46484700000038
37.46484700000038
37.46484700000038
37.46484700000038
37.46484700000038
37.46484700000038
37.46484700000038
37.46484700000038
37.46484700000038
37.46484700000038
37.46484700000038
37.46484700000038
37.46484700000038
37.46484700000038
37.46484700000038
37.46484700000038
37.46484700000038
37.46484700000038
37.46484700000038
37.46484700000038
37.46484700000038
37.46484700000038
37.46484700000038
37.46484700000038
37.46484700000038
37.46484700000038
37.46484700000038
37.46484700000038
37.46484700000038
37.46484700000038
37.46484700000038
37.46484700000038
37.46484700000038
37.46484700000038
37.46484700000038
37.46484700000038
37.46484700000038
37.46484700000038
37.46484700000038
37.46484700000038
37.46484700000038
37.46484700000038
37.46484700000038
37.46484700000038
37.46484700000038
37.46484700000038
37.46484700000038
37.46484700000038
37.46484700000038
37.46484700000038
37.46484700000038
37.46484700000038
37.46484700000038
37.46484700000038
37.46484700000038
37.46484700000038
37.46484700000038
37.46484700000038
37.46484700000038
37.46484700000038
37.46484700000038
37.46484700000038
37.46484700000038
37.46484700000038
37.46484700000038
37.46484700000038
37.46484700000038
37.46484700000038
37.46484700000038
37.46484700000038
37.46484700000038
37.46484700000038
37.46484700000038
37.46484700000038
37.46484700000038
37.46484700000038
37.46484700000038
37.46484700000038
37.46484700000038
37.46484700000038
37.46484700000038
37.46484700000038
37.46484700000038
37.46484700000038
37.46484700000038
37.46484700000038
37.46484700000038
37.46484700000038
37.46484700000038
37.46484700000038
37.46484700000038
37.46484700000038
37.46484700000038
37.46484700000038
37.46484700000038
37.46484700000038
37.46484700000038
37.46484700000038
37.46484700000038
37.46484700000038
37.46484700000038
37.46484700000038
37.46484700000038
37.46484700000038
37.46484700000038
37.46484700000038
37.46484700000038
37.46484700000038
37.46484700000038
37.46484700000038
37.46484700000038
37.46484700000038
37.46484700000038
37.46484700000038
37.46484700000038
37.46484700000038
37.46484700000038
37.46484700000038
37.46484700000038
37.46484700000038
37.46484700000038
37.46484700000038
37.46484700000038
37.46484700000038
37.46484700000038
37.46484700000038
37.46484700000038
37.46484700000038
37.46484700000038
37.46484700000038
37.46484700000038
37.46484700000038
37.46484700000038
37.46484700000038
37.46484700000038
37.46484700000038
37.46484700000038
37.46484700000038
37.46484700000038
37.46484700000038
37.46484700000038
37.46484700000038
37.46484700000038
37.46484700000038
37.46484700000038
37.46484700000038
37.46484700000038
37.46484700000038
37.46484700000038
37.46484700000038
37.46484700000038
37.46484700000038
37.46484700000038
37.46484700000038
37.46484700000038
37.46484700000038
37.46484700000038
37.46484700000038
37.46484700000038
37.46484700000038
37.46484700000038
37.46484700000038
37.46484700000038
37.46484700000038
37.46484700000038
37.46484700000038
37.46484700000038
37.46484700000038
37.46484700000038
37.46484700000038
37.46484700000038
37.46484700000038
37.46484700000038
37.46484700000038
37.46484700000038
37.46484700000038
37.46484700000038
37.46484700000038
37.46484700000038
37.46484700000038
37.46484700000038
37.46484700000038
37.46484700000038
37.46484700000038
37.46484700000038
37.46484700000038
37.46484700000038
37.46484700000038
37.46484700000038
37.46484700000038
37.46484700000038
37.46484700000038
37.46484700000038
37.46484700000038
37.46484700000038
37.46484700000038
37.46484700000038
37.46484700000038
37.46484700000038
37.46484700000038
37.46484700000038
37.46484700000038
37.46484700000038
37.46484700000038
37.46484700000038
37.46484700000038
37.46484700000038
37.46484700000038
37.46484700000038
37.46484700000038
37.46484700000038
37.46484700000038
37.46484700000038
37.46484700000038
37.46484700000038
37.46484700000038
37.46484700000038
37.46484700000038
37.46484700000038
37.46484700000038
37.46484700000038
37.46484700000038
37.46484700000038
37.46484700000038
37.46484700000038
37.46484700000038
37.46484700000038
37.46484700000038
37.46484700000038
37.46484700000038
37.46484700000038
37.46484700000038
37.46484700000038
37.46484700000038
37.46484700000038
37.46484700000038
37.46484700000038
37.46484700000038
37.46484700000038
37.46484700000038
37.46484700000038
37.46484700000038
37.46484700000038
37.46484700000038
37.46484700000038
37.46484700000038
37.46484700000038
37.46484700000038
37.46484700000038
37.46484700000038
37.46484700000038
37.46484700000038
37.46484700000038
37.46484700000038
37.46484700000038
37.46484700000038
37.46484700000038
37.46484700000038
37.46484700000038
37.46484700000038
37.46484700000038
37.46484700000038
37.46484700000038
37.46484700000038
37.46484700000038
37.46484700000038
37.46484700000038
37.46484700000038
37.46484700000038
37.46484700000038
37.46484700000038
37.46484700000038
37.46484700000038
37.46484700000038
37.46484700000038
37.46484700000038
37.46484700000038
37.46484700000038
37.46484700000038
37.46484700000038
37.46484700000038
37.46484700000038
37.46484700000038
37.46484700000038
37.46484700000038
37.46484700000038
37.46484700000038
37.46484700000038
37.46484700000038
37.46484700000038
37.46484700000038
37.46484700000038
37.46484700000038
37.46484700000038
37.46484700000038
37.46484700000038
37.46484700000038
37.46484700000038
37.46484700000038
37.46484700000038
37.46484700000038
37.46484700000038
37.46484700000038
37.46484700000038
37.46484700000038
37.46484700000038
37.46484700000038
37.46484700000038
37.46484700000038
37.46484700000038
37.46484700000038
37.46484700000038
37.46484700000038
37.46484700000038
37.46484700000038
37.46484700000038
37.46484700000038
37.46484700000038
37.46484700000038
37.46484700000038
37.46484700000038
37.46484700000038
37.46484700000038
37.46484700000038
37.46484700000038
37.46484700000038
37.46484700000038
37.46484700000038
37.46484700000038
37.46484700000038
37.46484700000038
37.46484700000038
37.46484700000038
37.46484700000038
37.46484700000038
37.46484700000038
37.46484700000038
37.46484700000038
37.46484700000038
37.46484700000038
37.46484700000038
37.46484700000038
37.46484700000038
37.46484700000038
37.46484700000038
37.46484700000038
37.46484700000038
37.46484700000038
37.46484700000038
37.46484700000038
37.46484700000038
37.46484700000038
37.46484700000038
37.46484700000038
37.46484700000038
37.46484700000038
37.46484700000038
37.46484700000038
37.46484700000038
37.46484700000038
37.46484700000038
37.46484700000038
37.46484700000038
37.46484700000038
37.46484700000038
37.46484700000038
37.46484700000038
37.46484700000038
37.46484700000038
37.46484700000038
37.46484700000038
37.46484700000038
37.46484700000038
37.46484700000038
37.46484700000038
37.46484700000038
37.46484700000038
37.46484700000038
37.46484700000038
37.46484700000038
37.46484700000038
37.46484700000038
37.46484700000038
37.46484700000038
37.46484700000038
37.46484700000038
37.46484700000038
37.46484700000038
37.46484700000038
37.46484700000038
37.46484700000038
37.46484700000038
37.46484700000038
37.46484700000038
37.46484700000038
37.46484700000038
37.46484700000038
37.46484700000038
37.46484700000038
37.46484700000038
37.46484700000038
37.46484700000038
37.46484700000038
37.46484700000038
37.46484700000038
37.46484700000038
37.46484700000038
37.46484700000038
37.46484700000038
37.46484700000038
37.46484700000038
37.46484700000038
37.46484700000038
37.46484700000038
37.46484700000038
37.46484700000038
37.46484700000038
37.46484700000038
37.46484700000038
37.46484700000038
37.46484700000038
37.46484700000038
37.46484700000038
37.46484700000038
37.46484700000038
37.46484700000038
37.46484700000038
37.46484700000038
37.46484700000038
37.46484700000038
37.46484700000038
37.46484700000038
37.46484700000038
37.46484700000038
37.46484700000038
37.46484700000038
37.46484700000038
37.46484700000038
37.46484700000038
37.46484700000038
37.46484700000038
37.46484700000038
37.46484700000038
37.46484700000038
37.46484700000038
37.46484700000038
37.46484700000038
37.46484700000038
37.46484700000038
37.46484700000038
37.46484700000038
37.46484700000038
37.46484700000038
37.46484700000038
37.46484700000038
37.46484700000038
37.46484700000038
37.46484700000038
37.46484700000038
37.46484700000038
37.46484700000038
37.46484700000038
37.46484700000038
37.46484700000038
37.46484700000038
37.46484700000038
37.46484700000038
37.46484700000038
37.46484700000038
37.46484700000038
37.46484700000038
37.46484700000038
37.46484700000038
37.46484700000038
37.46484700000038
37.46484700000038
37.46484700000038
37.46484700000038
37.46484700000038
37.46484700000038
37.46484700000038
37.46484700000038
37.46484700000038
37.46484700000038
37.46484700000038
37.46484700000038
37.46484700000038
37.46484700000038
37.46484700000038
37.46484700000038
37.46484700000038
37.46484700000038
37.46484700000038
37.46484700000038
37.46484700000038
37.46484700000038
37.46484700000038
37.46484700000038
37.46484700000038
37.46484700000038
37.46484700000038
37.46484700000038
37.46484700000038
37.46484700000038
37.46484700000038
37.46484700000038
37.46484700000038
37.46484700000038
37.46484700000038
37.46484700000038
37.46484700000038
37.46484700000038
37.46484700000038
37.46484700000038
37.46484700000038
37.46484700000038
37.46484700000038
37.46484700000038
37.46484700000038
37.46484700000038
37.46484700000038
37.46484700000038
37.46484700000038
37.46484700000038
37.46484700000038
37.46484700000038
37.46484700000038
37.46484700000038
37.46484700000038
37.46484700000038
37.46484700000038
37.46484700000038
37.46484700000038
37.46484700000038
37.46484700000038
37.46484700000038
37.46484700000038
37.46484700000038
37.46484700000038
37.46484700000038
37.46484700000038
37.46484700000038
37.46484700000038
37.46484700000038
37.46484700000038
37.46484700000038
37.46484700000038
37.46484700000038
37.46484700000038
37.46484700000038
37.46484700000038
37.46484700000038
37.46484700000038
37.46484700000038
37.46484700000038
37.46484700000038
37.46484700000038
37.46484700000038
37.46484700000038
37.46484700000038
37.46484700000038
37.46484700000038
37.46484700000038
37.46484700000038
37.46484700000038
37.46484700000038
37.46484700000038
37.46484700000038
37.46484700000038
37.46484700000038
37.46484700000038
37.46484700000038
37.46484700000038
37.46484700000038
37.46484700000038
37.46484700000038
37.46484700000038
37.46484700000038
37.46484700000038
37.46484700000038
37.46484700000038
37.46484700000038
37.46484700000038
37.46484700000038
37.46484700000038
37.46484700000038
37.46484700000038
37.46484700000038
37.46484700000038
37.46484700000038
37.46484700000038
37.46484700000038
37.46484700000038
37.46484700000038
37.46484700000038
37.46484700000038
37.46484700000038
37.46484700000038
37.46484700000038
37.46484700000038
37.46484700000038
37.46484700000038
37.46484700000038
37.46484700000038
37.46484700000038
37.46484700000038
37.46484700000038
37.46484700000038
37.46484700000038
37.46484700000038
37.46484700000038
37.46484700000038
37.46484700000038
37.46484700000038
37.46484700000038
37.46484700000038
37.46484700000038
37.46484700000038
37.46484700000038
37.46484700000038
37.46484700000038
37.46484700000038
37.46484700000038
37.46484700000038
37.46484700000038
37.46484700000038
37.46484700000038
37.46484700000038
37.46484700000038
37.46484700000038
37.46484700000038
37.46484700000038
37.46484700000038
37.46484700000038
37.46484700000038
37.46484700000038
37.46484700000038
37.46484700000038
37.46484700000038
37.46484700000038
37.46484700000038
37.46484700000038
37.46484700000038
37.46484700000038
37.46484700000038
37.46484700000038
37.46484700000038
37.46484700000038
37.46484700000038
37.46484700000038
37.46484700000038
37.46484700000038
37.46484700000038
37.46484700000038
37.46484700000038
37.46484700000038
37.46484700000038
37.46484700000038
37.46484700000038
37.46484700000038
37.46484700000038
37.46484700000038
37.46484700000038
37.46484700000038
37.46484700000038
37.46484700000038
37.46484700000038
37.46484700000038
37.46484700000038
37.46484700000038
37.46484700000038
37.46484700000038
37.46484700000038
37.46484700000038
37.46484700000038
37.46484700000038
37.46484700000038
37.46484700000038
37.46484700000038
37.46484700000038
37.46484700000038
37.46484700000038
37.46484700000038
37.46484700000038
37.46484700000038
37.46484700000038
37.46484700000038
37.46484700000038
37.46484700000038
37.46484700000038
37.46484700000038
37.46484700000038
37.46484700000038
37.46484700000038
37.46484700000038
37.46484700000038
37.46484700000038
37.46484700000038
37.46484700000038
37.46484700000038
37.46484700000038
37.46484700000038
37.46484700000038
37.46484700000038
37.46484700000038
37.46484700000038
37.46484700000038
37.46484700000038
37.46484700000038
37.46484700000038
37.46484700000038
37.46484700000038
37.46484700000038
37.46484700000038
37.46484700000038
37.46484700000038
37.46484700000038
37.46484700000038
37.46484700000038
37.46484700000038
37.46484700000038
37.46484700000038
37.46484700000038
37.46484700000038
37.46484700000038
37.46484700000038
37.46484700000038
37.46484700000038
37.46484700000038
37.46484700000038
37.46484700000038
37.46484700000038
37.46484700000038
37.46484700000038
37.46484700000038
37.46484700000038
37.46484700000038
37.46484700000038
37.46484700000038
37.46484700000038
37.46484700000038
37.46484700000038
37.46484700000038
37.46484700000038
37.46484700000038
37.46484700000038
37.46484700000038
37.46484700000038
37.46484700000038
37.46484700000038
37.46484700000038
37.46484700000038
37.46484700000038
37.46484700000038
37.46484700000038
37.46484700000038
37.46484700000038
37.46484700000038
37.46484700000038
37.46484700000038
37.46484700000038
37.46484700000038
37.46484700000038
37.46484700000038
37.46484700000038
37.46484700000038
37.46484700000038
37.46484700000038
37.46484700000038
37.46484700000038
37.46484700000038
37.46484700000038
37.46484700000038
37.46484700000038
37.46484700000038
37.46484700000038
37.46484700000038
37.46484700000038
37.46484700000038
37.46484700000038
37.46484700000038
37.46484700000038
37.46484700000038
37.46484700000038
37.46484700000038
37.46484700000038
37.46484700000038
37.46484700000038
37.46484700000038
37.46484700000038
37.46484700000038
37.46484700000038
37.46484700000038
37.46484700000038
37.46484700000038
37.46484700000038
37.46484700000038
37.46484700000038
37.46484700000038
37.46484700000038
37.46484700000038
37.46484700000038
37.46484700000038
37.46484700000038
37.46484700000038
37.46484700000038
37.46484700000038
37.46484700000038
37.46484700000038
37.46484700000038
37.46484700000038
37.46484700000038
37.46484700000038
37.46484700000038
37.46484700000038
37.46484700000038
37.46484700000038
37.46484700000038
37.46484700000038
37.46484700000038
37.46484700000038
37.46484700000038
37.46484700000038
37.46484700000038
37.46484700000038
37.46484700000038
37.46484700000038
37.46484700000038
37.46484700000038
37.46484700000038
37.46484700000038
37.46484700000038
37.46484700000038
37.46484700000038
37.46484700000038
37.46484700000038
37.46484700000038
37.46484700000038
37.46484700000038
37.46484700000038
37.46484700000038
37.46484700000038
37.46484700000038
37.46484700000038
37.46484700000038
37.46484700000038
37.46484700000038
37.46484700000038
37.46484700000038
37.46484700000038
37.46484700000038
37.46484700000038
37.46484700000038
37.46484700000038
37.46484700000038
37.46484700000038
37.46484700000038
37.46484700000038
37.46484700000038
37.46484700000038
37.46484700000038
37.46484700000038
37.46484700000038
37.46484700000038
37.46484700000038
37.46484700000038
37.46484700000038
37.46484700000038
37.46484700000038
37.46484700000038
37.46484700000038
37.46484700000038
37.46484700000038
37.46484700000038
37.46484700000038
37.46484700000038
37.46484700000038
37.46484700000038
37.46484700000038
37.46484700000038
37.46484700000038
37.46484700000038
37.46484700000038
37.46484700000038
37.46484700000038
37.46484700000038
37.46484700000038
37.46484700000038
37.46484700000038
37.46484700000038
37.46484700000038
37.46484700000038
37.46484700000038
37.46484700000038
37.46484700000038
37.46484700000038
37.46484700000038
37.46484700000038
37.46484700000038
37.46484700000038
37.46484700000038
37.46484700000038
37.46484700000038
37.46484700000038
37.46484700000038
37.46484700000038
37.46484700000038
37.46484700000038
37.46484700000038
37.46484700000038
37.46484700000038
37.46484700000038
37.46484700000038
37.46484700000038
37.46484700000038
37.46484700000038
37.46484700000038
37.46484700000038
37.46484700000038
37.46484700000038
37.46484700000038
37.46484700000038
37.46484700000038
37.46484700000038
37.46484700000038
37.46484700000038
37.46484700000038
37.46484700000038
37.46484700000038
37.46484700000038
37.46484700000038
37.46484700000038
37.46484700000038
37.46484700000038
37.46484700000038
37.46484700000038
37.46484700000038
37.46484700000038
37.46484700000038
37.46484700000038
37.46484700000038
37.46484700000038
37.46484700000038
37.46484700000038
37.46484700000038
37.46484700000038
37.46484700000038
37.46484700000038
37.46484700000038
37.46484700000038
37.46484700000038
37.46484700000038
37.46484700000038
37.46484700000038
37.46484700000038
37.46484700000038
37.46484700000038
37.46484700000038
37.46484700000038
37.46484700000038
37.46484700000038
37.46484700000038
37.46484700000038
37.46484700000038
37.46484700000038
37.46484700000038
37.46484700000038
37.46484700000038
37.46484700000038
37.46484700000038
37.46484700000038
37.46484700000038
37.46484700000038
37.46484700000038
37.46484700000038
37.46484700000038
37.46484700000038
37.46484700000038
37.46484700000038
37.46484700000038
37.46484700000038
37.46484700000038
37.46484700000038
37.46484700000038
37.46484700000038
37.46484700000038
37.46484700000038
37.46484700000038
37.46484700000038
37.46484700000038
37.46484700000038
37.46484700000038
37.46484700000038
37.46484700000038
37.46484700000038
37.46484700000038
37.46484700000038
37.46484700000038
37.46484700000038
37.46484700000038
37.46484700000038
37.46484700000038
37.46484700000038
37.46484700000038
37.46484700000038
37.46484700000038
37.46484700000038
37.46484700000038
37.46484700000038
37.46484700000038
37.46484700000038
37.46484700000038
37.46484700000038
37.46484700000038
37.46484700000038
37.46484700000038
37.46484700000038
37.46484700000038
37.46484700000038
37.46484700000038
37.46484700000038
37.46484700000038
37.46484700000038
37.46484700000038
37.46484700000038
37.46484700000038
37.46484700000038
37.46484700000038
37.46484700000038
37.46484700000038
37.46484700000038
37.46484700000038
37.46484700000038
37.46484700000038
37.46484700000038
37.46484700000038
37.46484700000038
37.46484700000038
37.46484700000038
37.46484700000038
37.46484700000038
37.46484700000038
37.46484700000038
37.46484700000038
37.46484700000038
37.46484700000038
37.46484700000038
37.46484700000038
37.46484700000038
37.46484700000038
37.46484700000038
37.46484700000038
37.46484700000038
37.46484700000038
37.46484700000038
37.46484700000038
37.46484700000038
37.46484700000038
37.46484700000038
37.46484700000038
37.46484700000038
37.46484700000038
37.46484700000038
37.46484700000038
37.46484700000038
37.46484700000038
37.46484700000038
37.46484700000038
37.46484700000038
37.46484700000038
37.46484700000038
37.46484700000038
37.46484700000038
37.46484700000038
37.46484700000038
37.46484700000038
37.46484700000038
37.46484700000038
37.46484700000038
37.46484700000038
37.46484700000038
37.46484700000038
37.46484700000038
37.46484700000038
37.46484700000038
37.46484700000038
37.46484700000038
37.46484700000038
37.46484700000038
37.46484700000038
37.46484700000038
37.46484700000038
37.46484700000038
37.46484700000038
37.46484700000038
37.46484700000038
37.46484700000038
37.46484700000038
37.46484700000038
37.46484700000038
37.46484700000038
37.46484700000038
37.46484700000038
37.46484700000038
37.46484700000038
37.46484700000038
37.46484700000038
37.46484700000038
37.46484700000038
37.46484700000038
37.46484700000038
37.46484700000038
37.46484700000038
37.46484700000038
37.46484700000038
37.46484700000038
37.46484700000038
37.46484700000038
37.46484700000038
37.46484700000038
37.46484700000038
37.46484700000038
37.46484700000038
37.46484700000038
37.46484700000038
37.46484700000038
37.46484700000038
37.46484700000038
37.46484700000038
37.46484700000038
37.46484700000038
37.46484700000038
37.46484700000038
37.46484700000038
37.46484700000038
37.46484700000038
37.46484700000038
37.46484700000038
37.46484700000038
37.46484700000038
37.46484700000038
37.46484700000038
37.46484700000038
37.46484700000038
37.46484700000038
37.46484700000038
37.46484700000038
37.46484700000038
37.46484700000038
37.46484700000038
37.46484700000038
37.46484700000038
37.46484700000038
37.46484700000038
37.46484700000038
37.46484700000038
37.46484700000038
37.46484700000038
37.46484700000038
37.46484700000038
37.46484700000038
37.46484700000038
37.46484700000038
37.46484700000038
37.46484700000038
37.46484700000038
37.46484700000038
37.46484700000038
37.46484700000038
37.46484700000038
37.46484700000038
37.46484700000038
37.46484700000038
37.46484700000038
37.46484700000038
37.46484700000038
37.46484700000038
37.46484700000038
37.46484700000038
37.46484700000038
37.46484700000038
37.46484700000038
37.46484700000038
37.46484700000038
37.46484700000038
37.46484700000038
37.46484700000038
37.46484700000038
37.46484700000038
37.46484700000038
37.46484700000038
37.46484700000038
37.46484700000038
37.46484700000038
37.46484700000038
37.46484700000038
37.46484700000038
37.46484700000038
37.46484700000038
37.46484700000038
37.46484700000038
37.46484700000038
37.46484700000038
37.46484700000038
37.46484700000038
37.46484700000038
37.46484700000038
37.46484700000038
37.46484700000038
37.46484700000038
37.46484700000038
37.46484700000038
37.46484700000038
37.46484700000038
37.46484700000038
37.46484700000038
37.46484700000038
37.46484700000038
37.46484700000038
37.46484700000038
37.46484700000038
37.46484700000038
37.46484700000038
37.46484700000038
37.46484700000038
37.46484700000038
37.46484700000038
37.46484700000038
37.46484700000038
37.46484700000038
37.46484700000038
37.46484700000038
37.46484700000038
37.46484700000038
37.46484700000038
37.46484700000038
37.46484700000038
37.46484700000038
37.46484700000038
37.46484700000038
37.46484700000038
37.46484700000038
37.46484700000038
37.46484700000038
37.46484700000038
37.46484700000038
37.46484700000038
37.46484700000038
37.46484700000038
37.46484700000038
37.46484700000038
37.46484700000038
37.46484700000038
37.46484700000038
37.46484700000038
37.46484700000038
37.46484700000038
37.46484700000038
37.46484700000038
37.46484700000038
37.46484700000038
37.46484700000038
37.46484700000038
37.46484700000038
37.46484700000038
37.46484700000038
37.46484700000038
37.46484700000038
37.46484700000038
37.46484700000038
37.46484700000038
37.46484700000038
37.46484700000038
37.46484700000038
37.46484700000038
37.46484700000038
37.46484700000038
37.46484700000038
37.46484700000038
37.46484700000038
37.46484700000038
37.46484700000038
37.46484700000038
37.46484700000038
37.46484700000038
37.46484700000038
37.46484700000038
37.46484700000038
37.46484700000038
37.46484700000038
37.46484700000038
37.46484700000038
37.46484700000038
37.46484700000038
37.46484700000038
37.46484700000038
37.46484700000038
37.46484700000038
37.46484700000038
37.46484700000038
37.46484700000038
37.46484700000038
37.46484700000038
37.46484700000038
37.46484700000038
37.46484700000038
37.46484700000038
37.46484700000038
37.46484700000038
37.46484700000038
37.46484700000038
37.46484700000038
37.46484700000038
37.46484700000038
37.46484700000038
37.46484700000038
37.46484700000038
37.46484700000038
37.46484700000038
37.46484700000038
37.46484700000038
37.46484700000038
37.46484700000038
37.46484700000038
37.46484700000038
37.46484700000038
37.46484700000038
37.46484700000038
37.46484700000038
37.46484700000038
37.46484700000038
37.46484700000038
37.46484700000038
37.46484700000038
37.46484700000038
37.46484700000038
37.46484700000038
37.46484700000038
37.46484700000038
37.46484700000038
37.46484700000038
37.46484700000038
37.46484700000038
37.46484700000038
37.46484700000038
37.46484700000038
37.46484700000038
37.46484700000038
37.46484700000038
37.46484700000038
37.46484700000038
37.46484700000038
37.46484700000038
37.46484700000038
37.46484700000038
37.46484700000038
37.46484700000038
37.46484700000038
37.46484700000038
37.46484700000038
37.46484700000038
37.46484700000038
37.46484700000038
37.46484700000038
37.46484700000038
37.46484700000038
37.46484700000038
37.46484700000038
37.46484700000038
37.46484700000038
37.46484700000038
37.46484700000038
37.46484700000038
37.46484700000038
37.46484700000038
37.46484700000038
37.46484700000038
37.46484700000038
37.46484700000038
37.46484700000038
37.46484700000038
37.46484700000038
37.46484700000038
37.46484700000038
37.46484700000038
37.46484700000038
37.46484700000038
37.46484700000038
37.46484700000038
37.46484700000038
37.46484700000038
37.46484700000038
37.46484700000038
37.46484700000038
37.46484700000038
37.46484700000038
37.46484700000038
37.46484700000038
37.46484700000038
37.46484700000038
37.46484700000038
37.46484700000038
37.46484700000038
37.46484700000038
37.46484700000038
37.46484700000038
37.46484700000038
37.46484700000038
37.46484700000038
37.46484700000038
37.46484700000038
37.46484700000038
37.46484700000038
37.46484700000038
37.46484700000038
37.46484700000038
37.46484700000038
37.46484700000038
37.46484700000038
37.46484700000038
37.46484700000038
37.46484700000038
37.46484700000038
37.46484700000038
37.46484700000038
37.46484700000038
37.46484700000038
37.46484700000038
37.46484700000038
37.46484700000038
37.46484700000038
37.46484700000038
37.46484700000038
37.46484700000038
37.46484700000038
37.46484700000038
37.46484700000038
37.46484700000038
37.46484700000038
37.46484700000038
37.46484700000038
37.46484700000038
37.46484700000038
37.46484700000038
37.46484700000038
37.46484700000038
37.46484700000038
37.46484700000038
37.46484700000038
37.46484700000038
37.46484700000038
37.46484700000038
37.46484700000038
37.46484700000038
37.46484700000038
37.46484700000038
37.46484700000038
37.46484700000038
37.46484700000038
37.46484700000038
37.46484700000038
37.46484700000038
37.46484700000038
37.46484700000038
37.46484700000038
37.46484700000038
37.46484700000038
37.46484700000038
37.46484700000038
37.46484700000038
37.46484700000038
37.46484700000038
37.46484700000038
37.46484700000038
37.46484700000038
37.46484700000038
37.46484700000038
37.46484700000038
37.46484700000038
37.46484700000038
37.46484700000038
37.46484700000038
37.46484700000038
37.46484700000038
37.46484700000038
37.46484700000038
37.46484700000038
37.46484700000038
37.46484700000038
37.46484700000038
37.46484700000038
37.46484700000038
37.46484700000038
37.46484700000038
37.46484700000038
37.46484700000038
37.46484700000038
37.46484700000038
37.46484700000038
37.46484700000038
37.46484700000038
37.46484700000038
37.46484700000038
37.46484700000038
37.46484700000038
37.46484700000038
37.46484700000038
37.46484700000038
37.46484700000038
37.46484700000038
37.46484700000038
37.46484700000038
37.46484700000038
37.46484700000038
37.46484700000038
37.46484700000038
37.46484700000038
37.46484700000038
37.46484700000038
37.46484700000038
37.46484700000038
37.46484700000038
37.46484700000038
37.46484700000038
37.46484700000038
37.46484700000038
37.46484700000038
37.46484700000038
37.46484700000038
37.46484700000038
37.46484700000038
37.46484700000038
37.46484700000038
37.46484700000038
37.46484700000038
37.46484700000038
37.46484700000038
37.46484700000038
37.46484700000038
37.46484700000038
37.46484700000038
37.46484700000038
37.46484700000038
37.46484700000038
37.46484700000038
37.46484700000038
37.46484700000038
37.46484700000038
37.46484700000038
37.46484700000038
37.46484700000038
37.46484700000038
37.46484700000038
37.46484700000038
37.46484700000038
37.46484700000038
37.46484700000038
37.46484700000038
37.46484700000038
37.46484700000038
37.46484700000038
37.46484700000038
37.46484700000038
37.46484700000038
37.46484700000038
37.46484700000038
37.46484700000038
37.46484700000038
37.46484700000038
37.46484700000038
37.46484700000038
37.46484700000038
37.46484700000038
37.46484700000038
37.46484700000038
37.46484700000038
37.46484700000038
37.46484700000038
37.46484700000038
37.46484700000038
37.46484700000038
37.46484700000038
37.46484700000038
37.46484700000038
37.46484700000038
37.46484700000038
37.46484700000038
37.46484700000038
37.46484700000038
37.46484700000038
37.46484700000038
37.46484700000038
37.46484700000038
37.46484700000038
37.46484700000038
37.46484700000038
37.46484700000038
37.46484700000038
37.46484700000038
37.46484700000038
37.46484700000038
37.46484700000038
37.46484700000038
37.46484700000038
37.46484700000038
37.46484700000038
37.46484700000038
37.46484700000038
37.46484700000038
37.46484700000038
37.46484700000038
37.46484700000038
37.46484700000038
37.46484700000038
37.46484700000038
37.46484700000038
37.46484700000038
37.46484700000038
37.46484700000038
37.46484700000038
37.46484700000038
37.46484700000038
37.46484700000038
37.46484700000038
37.46484700000038
37.46484700000038
37.46484700000038
37.46484700000038
37.46484700000038
37.46484700000038
37.46484700000038
37.46484700000038
37.46484700000038
37.46484700000038
37.46484700000038
37.46484700000038
37.46484700000038
37.46484700000038
37.46484700000038
37.46484700000038
37.46484700000038
37.46484700000038
37.46484700000038
37.46484700000038
37.46484700000038
37.46484700000038
37.46484700000038
37.46484700000038
37.46484700000038
37.46484700000038
37.46484700000038
37.46484700000038
37.46484700000038
37.46484700000038
37.46484700000038
37.46484700000038
37.46484700000038
37.46484700000038
37.46484700000038
37.46484700000038
37.46484700000038
37.46484700000038
37.46484700000038
37.46484700000038
37.46484700000038
37.46484700000038
37.46484700000038
37.46484700000038
37.46484700000038
37.46484700000038
37.46484700000038
37.46484700000038
37.46484700000038
37.46484700000038
37.46484700000038
37.46484700000038
37.46484700000038
37.46484700000038
37.46484700000038
37.46484700000038
37.46484700000038
37.46484700000038
37.46484700000038
37.46484700000038
37.46484700000038
37.46484700000038
37.46484700000038
37.46484700000038
37.46484700000038
37.46484700000038
37.46484700000038
37.46484700000038
37.46484700000038
37.46484700000038
37.46484700000038
37.46484700000038
37.46484700000038
37.46484700000038
37.46484700000038
37.46484700000038
37.46484700000038
37.46484700000038
37.46484700000038
37.46484700000038
37.46484700000038
37.46484700000038
37.46484700000038
37.46484700000038
37.46484700000038
37.46484700000038
37.46484700000038
37.46484700000038
37.46484700000038
37.46484700000038
37.46484700000038
37.46484700000038
37.46484700000038
37.46484700000038
37.46484700000038
37.46484700000038
37.46484700000038
37.46484700000038
37.46484700000038
37.46484700000038
37.46484700000038
37.46484700000038
37.46484700000038
37.46484700000038
37.46484700000038
37.46484700000038
37.46484700000038
37.46484700000038
37.46484700000038
37.46484700000038
37.46484700000038
37.46484700000038
37.46484700000038
37.46484700000038
37.46484700000038
37.46484700000038
37.46484700000038
37.46484700000038
37.46484700000038
37.46484700000038
37.46484700000038
37.46484700000038
37.46484700000038
37.46484700000038
37.46484700000038
37.46484700000038
37.46484700000038
37.46484700000038
37.46484700000038
37.46484700000038
37.46484700000038
37.46484700000038
37.46484700000038
37.46484700000038
37.46484700000038
37.46484700000038
37.46484700000038
37.46484700000038
37.46484700000038
37.46484700000038
37.46484700000038
37.46484700000038
37.46484700000038
37.46484700000038
37.46484700000038
37.46484700000038
37.46484700000038
37.46484700000038
37.46484700000038
37.46484700000038
37.46484700000038
37.46484700000038
37.46484700000038
37.46484700000038
37.46484700000038
37.46484700000038
37.46484700000038
37.46484700000038
37.46484700000038
37.46484700000038
37.46484700000038
37.46484700000038
37.46484700000038
37.46484700000038
37.46484700000038
37.46484700000038
37.46484700000038
37.46484700000038
37.46484700000038
37.46484700000038
37.46484700000038
37.46484700000038
37.46484700000038
37.46484700000038
37.46484700000038
37.46484700000038
37.46484700000038
37.46484700000038
37.46484700000038
37.46484700000038
37.46484700000038
37.46484700000038
37.46484700000038
37.46484700000038
37.46484700000038
37.46484700000038
37.46484700000038
37.46484700000038
37.46484700000038
37.46484700000038
37.46484700000038
37.46484700000038
37.46484700000038
37.46484700000038
37.46484700000038
37.46484700000038
37.46484700000038
37.46484700000038
37.46484700000038
37.46484700000038
37.46484700000038
37.46484700000038
37.46484700000038
37.46484700000038
37.46484700000038
37.46484700000038
37.46484700000038
37.46484700000038
37.46484700000038
37.46484700000038
37.46484700000038
37.46484700000038
37.46484700000038
37.46484700000038
37.46484700000038
37.46484700000038
37.46484700000038
37.46484700000038
37.46484700000038
37.46484700000038
37.46484700000038
37.46484700000038
37.46484700000038
37.46484700000038
37.46484700000038
37.46484700000038
37.46484700000038
37.46484700000038
37.46484700000038
37.46484700000038
37.46484700000038
37.46484700000038
37.46484700000038
37.46484700000038
37.46484700000038
37.46484700000038
37.46484700000038
37.46484700000038
37.46484700000038
37.46484700000038
37.46484700000038
37.46484700000038
37.46484700000038
37.46484700000038
37.46484700000038
37.46484700000038
37.46484700000038
37.46484700000038
37.46484700000038
37.46484700000038
37.46484700000038
37.46484700000038
37.46484700000038
37.46484700000038
37.46484700000038
37.46484700000038
37.46484700000038
37.46484700000038
37.46484700000038
37.46484700000038
37.46484700000038
37.46484700000038
37.46484700000038
37.46484700000038
37.46484700000038
37.46484700000038
37.46484700000038
37.46484700000038
37.46484700000038
37.46484700000038
37.46484700000038
37.46484700000038
37.46484700000038
37.46484700000038
37.46484700000038
37.46484700000038
37.46484700000038
37.46484700000038
37.46484700000038
37.46484700000038
37.46484700000038
37.46484700000038
37.46484700000038
37.46484700000038
37.46484700000038
37.46484700000038
37.46484700000038
37.46484700000038
37.46484700000038
37.46484700000038
37.46484700000038
37.46484700000038
37.46484700000038
37.46484700000038
37.46484700000038
37.46484700000038
37.46484700000038
37.46484700000038
37.46484700000038
37.46484700000038
37.46484700000038
37.46484700000038
37.46484700000038
37.46484700000038
37.46484700000038
37.46484700000038
37.46484700000038
37.46484700000038
37.46484700000038
37.46484700000038
37.46484700000038
37.46484700000038
37.46484700000038
37.46484700000038
37.46484700000038
37.46484700000038
37.46484700000038
37.46484700000038
37.46484700000038
37.46484700000038
37.46484700000038
37.46484700000038
37.46484700000038
37.46484700000038
37.46484700000038
37.46484700000038
37.46484700000038
37.46484700000038
37.46484700000038
37.46484700000038
37.46484700000038
37.46484700000038
37.46484700000038
37.46484700000038
37.46484700000038
37.46484700000038
37.46484700000038
37.46484700000038
37.46484700000038
37.46484700000038
37.46484700000038
37.46484700000038
37.46484700000038
37.46484700000038
37.46484700000038
37.46484700000038
37.46484700000038
37.46484700000038
37.46484700000038
37.46484700000038
37.46484700000038
37.46484700000038
37.46484700000038
37.46484700000038
37.46484700000038
37.46484700000038
37.46484700000038
37.46484700000038
37.46484700000038
37.46484700000038
37.46484700000038
37.46484700000038
37.46484700000038
37.46484700000038
37.46484700000038
37.46484700000038
37.46484700000038
37.46484700000038
37.46484700000038
37.46484700000038
37.46484700000038
37.46484700000038
37.46484700000038
37.46484700000038
37.46484700000038
37.46484700000038
37.46484700000038
37.46484700000038
37.46484700000038
37.46484700000038
37.46484700000038
37.46484700000038
37.46484700000038
37.46484700000038
37.46484700000038
37.46484700000038
37.46484700000038
37.46484700000038
37.46484700000038
37.46484700000038
37.46484700000038
37.46484700000038
37.46484700000038
37.46484700000038
37.46484700000038
37.46484700000038
37.46484700000038
37.46484700000038
37.46484700000038
37.46484700000038
37.46484700000038
37.46484700000038
37.46484700000038
37.46484700000038
37.46484700000038
37.46484700000038
37.46484700000038
37.46484700000038
37.46484700000038
37.46484700000038
37.46484700000038
37.46484700000038
37.46484700000038
37.46484700000038
37.46484700000038
37.46484700000038
37.46484700000038
37.46484700000038
37.46484700000038
37.46484700000038
37.46484700000038
37.46484700000038
37.46484700000038
37.46484700000038
37.46484700000038
37.46484700000038
37.46484700000038
37.46484700000038
37.46484700000038
37.46484700000038
37.46484700000038
37.46484700000038
37.46484700000038
37.46484700000038
37.46484700000038
37.46484700000038
37.46484700000038
37.46484700000038
37.46484700000038
37.46484700000038
37.46484700000038
37.46484700000038
37.46484700000038
37.46484700000038
37.46484700000038
37.46484700000038
37.46484700000038
37.46484700000038
37.46484700000038
37.46484700000038
37.46484700000038
37.46484700000038
37.46484700000038
37.46484700000038
37.46484700000038
37.46484700000038
37.46484700000038
37.46484700000038
37.46484700000038
37.46484700000038
37.46484700000038
37.46484700000038
37.46484700000038
37.46484700000038
37.46484700000038
37.46484700000038
37.46484700000038
37.46484700000038
37.46484700000038
37.46484700000038
37.46484700000038
37.46484700000038
37.46484700000038
37.46484700000038
37.46484700000038
37.46484700000038
37.46484700000038
37.46484700000038
37.46484700000038
37.46484700000038
37.46484700000038
37.46484700000038
37.46484700000038
37.46484700000038
37.46484700000038
37.46484700000038
37.46484700000038
37.46484700000038
37.46484700000038
37.46484700000038
37.46484700000038
37.46484700000038
37.46484700000038
37.46484700000038
37.46484700000038
37.46484700000038
37.46484700000038
37.46484700000038
37.46484700000038
37.46484700000038
37.46484700000038
37.46484700000038
37.46484700000038
37.46484700000038
37.46484700000038
37.46484700000038
37.46484700000038
37.46484700000038
37.46484700000038
37.46484700000038
37.46484700000038
37.46484700000038
37.46484700000038
37.46484700000038
37.46484700000038
37.46484700000038
37.46484700000038
37.46484700000038
37.46484700000038
37.46484700000038
37.46484700000038
37.46484700000038
37.46484700000038
37.46484700000038
37.46484700000038
37.46484700000038
37.46484700000038
37.46484700000038
37.46484700000038
37.46484700000038
37.46484700000038
37.46484700000038
37.46484700000038
37.46484700000038
37.46484700000038
37.46484700000038
37.46484700000038
37.46484700000038
37.46484700000038
37.46484700000038
37.46484700000038
37.46484700000038
37.46484700000038
37.46484700000038
37.46484700000038
37.46484700000038
37.46484700000038
37.46484700000038
37.46484700000038
37.46484700000038
37.46484700000038
37.46484700000038
37.46484700000038
37.46484700000038
37.46484700000038
37.46484700000038
37.46484700000038
37.46484700000038
37.46484700000038
37.46484700000038
37.46484700000038
37.46484700000038
37.46484700000038
37.46484700000038
37.46484700000038
37.46484700000038
37.46484700000038
37.46484700000038
37.46484700000038
37.46484700000038
37.46484700000038
37.46484700000038
37.46484700000038
37.46484700000038
37.46484700000038
37.46484700000038
37.46484700000038
37.46484700000038
37.46484700000038
37.46484700000038
37.46484700000038
37.46484700000038
37.46484700000038
37.46484700000038
37.46484700000038
37.46484700000038
37.46484700000038
37.46484700000038
37.46484700000038
37.46484700000038
37.46484700000038
37.46484700000038
37.46484700000038
37.46484700000038
37.46484700000038
37.46484700000038
37.46484700000038
37.46484700000038
37.46484700000038
37.46484700000038
37.46484700000038
37.46484700000038
37.46484700000038
37.46484700000038
37.46484700000038
37.46484700000038
37.46484700000038
37.46484700000038
37.46484700000038
37.46484700000038
37.46484700000038
37.46484700000038
37.46484700000038
37.46484700000038
37.46484700000038
37.46484700000038
37.46484700000038
37.46484700000038
37.46484700000038
37.46484700000038
37.46484700000038
37.46484700000038
37.46484700000038
37.46484700000038
37.46484700000038
37.46484700000038
37.46484700000038
37.46484700000038
37.46484700000038
37.46484700000038
37.46484700000038
37.46484700000038
37.46484700000038
37.46484700000038
37.46484700000038
37.46484700000038
37.46484700000038
37.46484700000038
37.46484700000038
37.46484700000038
37.46484700000038
37.46484700000038
37.46484700000038
37.46484700000038
37.46484700000038
37.46484700000038
37.46484700000038
37.46484700000038
37.46484700000038
37.46484700000038
37.46484700000038
37.46484700000038
37.46484700000038
37.46484700000038
37.46484700000038
37.46484700000038
37.46484700000038
37.46484700000038
37.46484700000038
37.46484700000038
37.46484700000038
37.46484700000038
37.46484700000038
37.46484700000038
37.46484700000038
37.46484700000038
37.46484700000038
37.46484700000038
37.46484700000038
37.46484700000038
37.46484700000038
37.46484700000038
37.46484700000038
37.46484700000038
37.46484700000038
37.46484700000038
37.46484700000038
37.46484700000038
37.46484700000038
37.46484700000038
37.46484700000038
37.46484700000038
37.46484700000038
37.46484700000038
37.46484700000038
37.46484700000038
37.46484700000038
37.46484700000038
37.46484700000038
37.46484700000038
37.46484700000038
37.46484700000038
37.46484700000038
37.46484700000038
37.46484700000038
37.46484700000038
37.46484700000038
37.46484700000038
37.46484700000038
37.46484700000038
37.46484700000038
37.46484700000038
37.46484700000038
37.46484700000038
37.46484700000038
37.46484700000038
37.46484700000038
37.46484700000038
37.46484700000038
37.46484700000038
37.46484700000038
37.46484700000038
37.46484700000038
37.46484700000038
37.46484700000038
37.46484700000038
37.46484700000038
37.46484700000038
37.46484700000038
37.46484700000038
37.46484700000038
37.46484700000038
37.46484700000038
37.46484700000038
37.46484700000038
37.46484700000038
37.46484700000038
37.46484700000038
37.46484700000038
37.46484700000038
37.46484700000038
37.46484700000038
37.46484700000038
37.46484700000038
37.46484700000038
37.46484700000038
37.46484700000038
37.46484700000038
37.46484700000038
37.46484700000038
37.46484700000038
37.46484700000038
37.46484700000038
37.46484700000038
37.46484700000038
37.46484700000038
37.46484700000038
37.46484700000038
37.46484700000038
37.46484700000038
37.46484700000038
37.46484700000038
37.46484700000038
37.46484700000038
37.46484700000038
37.46484700000038
37.46484700000038
37.46484700000038
37.46484700000038
37.46484700000038
37.46484700000038
37.46484700000038
37.46484700000038
37.46484700000038
37.46484700000038
37.46484700000038
37.46484700000038
37.46484700000038
37.46484700000038
37.46484700000038
37.46484700000038
37.46484700000038
37.46484700000038
37.46484700000038
37.46484700000038
37.46484700000038
37.46484700000038
37.46484700000038
37.46484700000038
37.46484700000038
37.46484700000038
37.46484700000038
37.46484700000038
37.46484700000038
37.46484700000038
37.46484700000038
37.46484700000038
37.46484700000038
37.46484700000038
37.46484700000038
37.46484700000038
37.46484700000038
37.46484700000038
37.46484700000038
37.46484700000038
37.46484700000038
37.46484700000038
37.46484700000038
37.46484700000038
37.46484700000038
37.46484700000038
37.46484700000038
37.46484700000038
37.46484700000038
37.46484700000038
37.46484700000038
37.46484700000038
37.46484700000038
37.46484700000038
37.46484700000038
37.46484700000038
37.46484700000038
37.46484700000038
37.46484700000038
37.46484700000038
37.46484700000038
37.46484700000038
37.46484700000038
37.46484700000038
37.46484700000038
37.46484700000038
37.46484700000038
37.46484700000038
37.46484700000038
37.46484700000038
37.46484700000038
37.46484700000038
37.46484700000038
37.46484700000038
37.46484700000038
37.46484700000038
37.46484700000038
37.46484700000038
37.46484700000038
37.46484700000038
37.46484700000038
37.46484700000038
37.46484700000038
37.46484700000038
37.46484700000038
37.46484700000038
37.46484700000038
37.46484700000038
37.46484700000038
37.46484700000038
37.46484700000038
37.46484700000038
37.46484700000038
37.46484700000038
37.46484700000038
37.46484700000038
37.46484700000038
37.46484700000038
37.46484700000038
37.46484700000038
37.46484700000038
37.46484700000038
37.46484700000038
37.46484700000038
37.46484700000038
37.46484700000038
37.46484700000038
37.46484700000038
37.46484700000038
37.46484700000038
37.46484700000038
37.46484700000038
37.46484700000038
37.46484700000038
37.46484700000038
37.46484700000038
37.46484700000038
37.46484700000038
37.46484700000038
37.46484700000038
37.46484700000038
37.46484700000038
37.46484700000038
37.46484700000038
37.46484700000038
37.46484700000038
37.46484700000038
37.46484700000038
37.46484700000038
37.46484700000038
37.46484700000038
37.46484700000038
37.46484700000038
37.46484700000038
37.46484700000038
37.46484700000038
37.46484700000038
37.46484700000038
37.46484700000038
37.46484700000038
37.46484700000038
37.46484700000038
37.46484700000038
37.46484700000038
37.46484700000038
37.46484700000038
37.46484700000038
37.46484700000038
37.46484700000038
37.46484700000038
37.46484700000038
37.46484700000038
37.46484700000038
37.46484700000038
37.46484700000038
37.46484700000038
37.46484700000038
37.46484700000038
37.46484700000038
37.46484700000038
37.46484700000038
37.46484700000038
37.46484700000038
37.46484700000038
37.46484700000038
37.46484700000038
37.46484700000038
37.46484700000038
37.46484700000038
37.46484700000038
37.46484700000038
37.46484700000038
37.46484700000038
37.46484700000038
37.46484700000038
37.46484700000038
37.46484700000038
37.46484700000038
37.46484700000038
37.46484700000038
37.46484700000038
37.46484700000038
37.46484700000038
37.46484700000038
37.46484700000038
37.46484700000038
37.46484700000038
37.46484700000038
37.46484700000038
37.46484700000038
37.46484700000038
37.46484700000038
37.46484700000038
37.46484700000038
37.46484700000038
37.46484700000038
37.46484700000038
37.46484700000038
37.46484700000038
37.46484700000038
37.46484700000038
37.46484700000038
37.46484700000038
37.46484700000038
37.46484700000038
37.46484700000038
37.46484700000038
37.46484700000038
37.46484700000038
37.46484700000038
37.46484700000038
37.46484700000038
37.46484700000038
37.46484700000038
37.46484700000038
37.46484700000038
37.46484700000038
37.46484700000038
37.46484700000038
37.46484700000038
37.46484700000038
37.46484700000038
37.46484700000038
37.46484700000038
37.46484700000038
37.46484700000038
37.46484700000038
37.46484700000038
37.46484700000038
37.46484700000038
37.46484700000038
37.46484700000038
37.46484700000038
37.46484700000038
37.46484700000038
37.46484700000038
37.46484700000038
37.46484700000038
37.46484700000038
37.46484700000038
37.46484700000038
37.46484700000038
37.46484700000038
37.46484700000038
37.46484700000038
37.46484700000038
37.46484700000038
37.46484700000038
37.46484700000038
37.46484700000038
37.46484700000038
37.46484700000038
37.46484700000038
37.46484700000038
37.46484700000038
37.46484700000038
37.46484700000038
37.46484700000038
37.46484700000038
37.46484700000038
37.46484700000038
37.46484700000038
37.46484700000038
37.46484700000038
37.46484700000038
37.46484700000038
37.46484700000038
37.46484700000038
37.46484700000038
37.46484700000038
37.46484700000038
37.46484700000038
37.46484700000038
37.46484700000038
37.46484700000038
37.46484700000038
37.46484700000038
37.46484700000038
37.46484700000038
37.46484700000038
37.46484700000038
37.46484700000038
37.46484700000038
37.46484700000038
37.46484700000038
37.46484700000038
37.46484700000038
37.46484700000038
37.46484700000038
37.46484700000038
37.46484700000038
37.46484700000038
37.46484700000038
37.46484700000038
37.46484700000038
37.46484700000038
37.46484700000038
37.46484700000038
37.46484700000038
37.46484700000038
37.46484700000038
37.46484700000038
37.46484700000038
37.46484700000038
37.46484700000038
37.46484700000038
37.46484700000038
37.46484700000038
37.46484700000038
37.46484700000038
37.46484700000038
37.46484700000038
37.46484700000038
37.46484700000038
37.46484700000038
37.46484700000038
37.46484700000038
37.46484700000038
37.46484700000038
37.46484700000038
37.46484700000038
37.46484700000038
37.46484700000038
37.46484700000038
37.46484700000038
37.46484700000038
37.46484700000038
37.46484700000038
37.46484700000038
37.46484700000038
37.46484700000038
37.46484700000038
37.46484700000038
37.46484700000038
37.46484700000038
37.46484700000038
37.46484700000038
37.46484700000038
37.46484700000038
37.46484700000038
37.46484700000038
37.46484700000038
37.46484700000038
37.46484700000038
37.46484700000038
37.46484700000038
37.46484700000038
37.46484700000038
37.46484700000038
37.46484700000038
37.46484700000038
37.46484700000038
37.46484700000038
37.46484700000038
37.46484700000038
37.46484700000038
37.46484700000038
37.46484700000038
37.46484700000038
37.46484700000038
37.46484700000038
37.46484700000038
37.46484700000038
37.46484700000038
37.46484700000038
37.46484700000038
37.46484700000038
37.46484700000038
37.46484700000038
37.46484700000038
37.46484700000038
37.46484700000038
37.46484700000038
37.46484700000038
37.46484700000038
37.46484700000038
37.46484700000038
37.46484700000038
37.46484700000038
37.46484700000038
37.46484700000038
37.46484700000038
37.46484700000038
37.46484700000038
37.46484700000038
37.46484700000038
37.46484700000038
37.46484700000038
37.46484700000038
37.46484700000038
37.46484700000038
37.46484700000038
37.46484700000038
37.46484700000038
37.46484700000038
37.46484700000038
37.46484700000038
37.46484700000038
37.46484700000038
37.46484700000038
37.46484700000038
37.46484700000038
37.46484700000038
37.46484700000038
37.46484700000038
37.46484700000038
37.46484700000038
37.46484700000038
37.46484700000038
37.46484700000038
37.46484700000038
37.46484700000038
37.46484700000038
37.46484700000038
37.46484700000038
37.46484700000038
37.46484700000038
37.46484700000038
